Price,Close,High,Low,Open,Volume
Ticker,USB,USB,USB,USB,USB
Date,,,,,
2019-12-30,48.200408935546875,48.62400595238835,48.11894928547548,48.51810902879283,4020100
2019-12-31,48.29816436767578,48.37962401795473,47.95602700003397,48.14338668166473,4732000
2020-01-02,48.22484588623047,48.4529353761951,48.07006821162341,48.44479065476189,5002100
2020-01-03,47.66276550292969,47.90715065959159,47.263608881023096,47.65462078120125,5161800
2020-01-06,47.01108169555664,47.07625190306264,46.28608022822833,46.48973246545478,6869200
2020-01-07,46.56304931640625,46.99479108274484,46.546756763857495,46.8644537698415,4006800
2020-01-08,46.46529006958008,46.8481541202724,46.457142240796685,46.59562736273865,5627500
2020-01-09,46.48158645629883,46.88889091947446,46.318664049531286,46.717820683251,5775400
2020-01-10,46.16388702392578,46.55490204874592,46.0905752026943,46.51416911585756,5285000
2020-01-13,46.196468353271484,46.253490725673025,45.77287136722703,46.041693786393914,6235800
2020-01-14,46.09872055053711,46.59563250665004,46.0009683467484,46.18018020244661,6866500
2020-01-15,44.779048919677734,45.471465190536115,44.38803704945918,45.186353339591165,10158500
2020-01-16,44.95826721191406,45.0234374200586,44.3147284976629,44.59984038957882,12176100
2020-01-17,45.08860397338867,45.20265183625718,44.893099566301416,45.0641666993744,9546400
2020-01-21,44.33101272583008,44.795342635506266,44.28213818295925,44.713879884911236,9490600
2020-01-22,44.75461196899414,44.81978217276479,44.35545534710118,44.43691499432813,6804900
2020-01-23,44.70574188232422,44.811638812783485,44.27399700800004,44.632426949513444,7107800
2020-01-24,43.85853958129883,44.68944096174061,43.5815724544849,44.68944096174061,6179500
2020-01-27,43.614166259765625,43.75264829707329,43.06837661820278,43.17427665745886,6296200
2020-01-28,43.87483596801758,44.31472552098553,43.72005828781421,43.858543417075836,5965200
2020-01-29,43.66304016113281,44.28214472720476,43.60601778103233,43.97259244416878,5026600
2020-01-30,44.192535400390625,44.249557778114784,43.32090407519382,43.329048797374476,6190800
2020-01-31,43.35348892211914,43.915567973851076,43.21500378597601,43.793375389459285,6355100
2020-02-03,43.73635482788086,44.19253697339822,43.622310068373174,43.63860262080094,6336900
2020-02-04,44.168094635009766,44.6731512724234,44.14365425542668,44.29843193200316,5512200
2020-02-05,44.9664192199707,45.12119381746584,44.648722194461996,44.80349679195713,6071600
2020-02-06,44.640567779541016,45.2922542879859,44.583545404269984,45.22708719088461,4608800
2020-02-07,44.49394226074219,44.5916975771458,44.23326763197261,44.510234813476124,3626700
2020-02-10,44.51023483276367,44.51023483276367,44.07034523121688,44.34731241284042,5602700
2020-02-11,44.7464714050293,45.05602368673021,44.55911171300909,44.56725643549404,5309400
2020-02-12,44.64872360229492,45.365577336179044,44.632431048231155,45.01529519252539,4112400
2020-02-13,44.95011901855469,45.10489358971629,44.37989217126965,44.526522020785414,4928100
2020-02-14,44.89309310913086,45.07230804608901,44.67314835217842,44.97455274911943,4351500
2020-02-18,44.33101272583008,44.88494699993151,43.82595610208566,44.70573516359483,5591200
2020-02-19,44.59983825683594,44.70573828626343,44.48579350552313,44.55910843243657,4219800
2020-02-20,44.640567779541016,44.99084986048384,44.4124782784569,44.45320810258101,4906200
2020-02-21,44.436920166015625,44.55096492840074,44.02961566750496,44.41248289050073,5666000
2020-02-24,43.23944091796875,43.663034801725125,43.13354089328652,43.21500053843515,7773800
2020-02-25,41.31696319580078,43.443092859908425,41.17847807095211,43.19870771105622,10564600
2020-02-26,40.45348358154297,41.91163446494467,40.44533885868294,41.69983438074242,12018000
2020-02-27,38.7102165222168,40.38831202785627,38.70206869276738,39.67145530314306,13413900
2020-02-28,37.83043670654297,38.05038148540202,36.584086067161394,37.480154626228895,24626100
2020-03-02,39.231563568115234,39.231563568115234,37.07284879138113,37.8630204000135,12673900
2020-03-03,37.553470611572266,39.94842286614293,37.21133635091159,39.08493627747294,13197700
2020-03-04,38.009647369384766,38.12369210684443,36.9180714276499,37.93633245137698,12095400
2020-03-05,35.66358184814453,36.901787929600765,35.134087850424386,36.901787929600765,12815800
2020-03-06,34.58014678955078,34.8082362763579,33.73295282785832,33.952897593344986,14127500
2020-03-09,29.58659553527832,31.81047749965927,29.228168731481517,30.97143131185796,17811700
2020-03-10,31.47648811340332,31.712725445563265,29.4481136465461,31.31356570820727,16815700
2020-03-11,29.496990203857422,30.670029115253172,28.943055852917567,30.14053203913852,18947700
2020-03-12,25.74979019165039,28.02254997722961,25.269170772199804,27.395300693710258,20621100
2020-03-13,30.221996307373047,30.26272924828236,26.849515137225346,28.201766116257687,20211400
2020-03-16,26.53181266784668,28.918617087314054,24.438267961110466,24.478997786215025,14280000
2020-03-17,27.468616485595703,27.94923592009114,25.448384983927028,27.18350147098742,16232200
2020-03-18,26.882097244262695,27.6641211455717,25.179564294493257,25.57057624514776,18092700
2020-03-19,27.053159713745117,27.639679092087412,25.309897236434647,26.336306148533662,16042700
2020-03-20,26.53181266784668,27.639681312614854,25.29360671825204,27.5989514875103,20375900
2020-03-23,23.566635131835938,26.271136363096936,23.28966798851469,25.871978198602935,13417600
2020-03-24,25.41579818725586,25.66018023466012,24.242760941480455,25.15512203528331,14752200
2020-03-25,26.0919246673584,27.484908386575558,24.430123154044285,25.578721692969086,17018600
2020-03-26,29.472553253173828,29.91244284978518,26.254847148866357,26.37703973930951,16014300
2020-03-27,29.138559341430664,30.295302432876593,27.83518329886649,28.07142061443881,11470300
2020-03-30,29.567190170288086,29.756775907864892,28.034014998815426,28.85006096390501,9825600
2020-03-31,28.39670753479004,29.979338166529402,27.959832982655847,29.212750471653287,11034500
2020-04-01,26.319501876831055,27.2014893089317,25.76722915221611,26.814073151957732,11203900
2020-04-02,26.92947006225586,27.26743094266647,25.923841489791045,26.04748429551365,8497600
2020-04-03,25.709524154663086,27.10257028508248,25.371566450271903,26.723395695633197,7148800
2020-04-06,28.330753326416016,28.61101113128244,27.201480617574756,27.34160794780473,9205000
2020-04-07,28.39670753479004,30.4079680820607,28.306035398603555,30.26784070388708,8122100
2020-04-08,29.38585090637207,29.591922783290787,28.339005394296105,28.817090513655735,7236600
2020-04-09,31.364131927490234,31.96586129434413,30.028787348230992,30.25958679184438,10116700
2020-04-13,30.325538635253906,31.397111783071946,29.94636713046415,31.322925780447225,7678300
2020-04-14,29.509489059448242,31.067391782905784,29.056131606525692,31.067391782905784,7781800
2020-04-15,27.473499298095703,29.262201365187714,27.044869492319076,28.95721592153373,11726400
2020-04-16,26.19585418701172,27.729027684782295,25.882624093991662,27.21797037625992,10664600
2020-04-17,28.89952278137207,29.08910854150349,27.26743380143391,27.26743380143391,10757200
2020-04-20,28.231843948364258,29.03964523729519,27.564170010591624,28.025772094726562,10342000
2020-04-21,26.97892951965332,27.66308965452626,26.70691627952347,27.201487522163532,11434400
2020-04-22,27.40755844116211,27.84442979506658,27.143786701701995,27.621871800320765,7240400
2020-04-23,27.506467819213867,28.371968902488064,27.358095845577527,27.704298165531213,7311800
2020-04-24,28.02577018737793,28.27305576603227,27.094324591892956,27.753753849773442,7682200
2020-04-27,29.575439453125,29.806238970893205,28.23184980810096,28.363735696026733,8306800
2020-04-28,30.21013832092285,31.306439067659237,30.144193811196633,30.696468074728184,6988800
2020-04-29,31.702096939086914,32.09775456729619,30.63876529454537,31.314683946861113,7844200
2020-04-30,30.086490631103516,30.869564303808147,29.830960400606273,30.8201059269486,7796400
2020-05-01,28.80060386657715,29.525977740678496,28.561562883413558,29.43530561336492,6554300
2020-05-04,28.413192749023438,28.60277850748935,27.885649222090905,28.297792995557877,5988300
2020-05-05,27.646604537963867,29.04789396921924,27.572418534414837,28.817091322395925,7305200
2020-05-06,27.374584197998047,28.108199491576574,27.226212212284757,27.902127638575553,9640400
2020-05-07,28.190628051757812,28.82532968977711,27.77023974160155,27.786725865961277,6983600
2020-05-08,28.643991470336914,29.19626260231996,28.363733586289694,28.850063351418473,5617700
2020-05-11,27.489986419677734,28.157660415794076,27.226214675524734,28.07523292489897,7158300
2020-05-12,26.08869743347168,27.638357145053636,26.055726753073873,27.638357145053636,11626300
2020-05-13,24.275264739990234,25.940324105538014,23.945548519767584,25.882624238660085,15304800
2020-05-14,25.693038940429688,25.775467996858005,23.376791730794505,23.78893544073261,14770900
2020-05-15,25.289142608642578,25.66007106755926,24.82754201496229,25.379814743406186,12087500
2020-05-18,27.16851234436035,27.34161194621949,26.245311323371354,26.47611079251687,9197800
2020-05-19,26.368955612182617,27.077841757486464,26.220583618080738,26.8470422752867,7533600
2020-05-20,27.250944137573242,27.41579911149457,26.847041904889018,26.871769522095803,10122500
2020-05-21,27.135543823242188,27.48998771066962,26.97893032542368,27.077843948024455,5890500
2020-05-22,27.14379119873047,27.209732572316703,26.550303114415907,27.11906357668659,5534000
2020-05-26,29.534223556518555,29.905150427574892,28.37197512659649,28.42967814625295,11156600
2020-05-27,31.00969696044922,31.858715280892714,30.2513539186321,31.31468561998685,9938900
2020-05-28,30.094736099243164,31.45481177077195,29.99582247685789,31.397111895679927,9030100
2020-05-29,29.311662673950195,30.07825024929427,29.196259790357068,29.558948278549916,18241700
2020-06-01,30.24311065673828,30.53985469333876,29.352881691344475,29.501253709644715,6594300
2020-06-02,30.185405731201172,30.927265698698356,29.95460624993854,30.7459214523308,6596500
2020-06-03,31.883438110351562,32.0400515903912,30.935506306114643,31.034423061893687,9656100
2020-06-04,33.02919387817383,33.04568000251023,31.364133053077435,31.883434964250707,9142500
2020-06-05,34.9250602722168,36.4829631341933,34.405761414496126,35.85650602172082,12586800
2020-06-08,35.864742279052734,36.21918610162147,34.966268915119144,35.40314336177758,10445800
2020-06-09,34.70250701904297,35.07343707131079,34.07604982086328,34.52116588358467,7580400
2020-06-10,32.41098403930664,34.42224439434182,32.29558429315645,34.249144775116534,11590200
2020-06-11,29.789751052856445,31.067396104986045,29.723809685057404,30.210139457154046,16095900
2020-06-12,30.919029235839844,31.54548962829262,30.160686085869358,31.45481748114225,9329300
2020-06-15,31.96586036682129,32.1636907016115,29.3940848809875,29.534215356548586,11284100
2020-06-16,32.42747497558594,33.383648485442045,31.636159617996277,33.31770396677238,9409400
2020-06-17,31.743310928344727,32.65827057624843,31.693855689695233,32.47692946052138,7153000
2020-06-18,31.79276466369629,32.386252595988395,31.23224898195527,31.36413483975275,5425900
2020-06-19,32.0400505065918,32.44395271800947,31.240493863069556,32.44395271800947,42484600
2020-06-22,31.50426483154297,31.90816388894864,31.232248485431253,31.702092042890733,8321200
2020-06-23,31.817495346069336,32.518141587979386,31.603181985644863,32.06478410463005,6545800
2020-06-24,30.391475677490234,31.438321056949892,30.21837607746484,31.388865825175152,7351300
2020-06-25,31.364131927490234,31.463045525552175,30.135945580368606,30.25958679184438,6023400
2020-06-26,29.723806381225586,30.704707308212825,29.63313425922372,30.50687693798993,13960100
2020-06-29,30.31594467163086,30.716268078008877,29.91562444671518,30.215865410767524,5352100
2020-06-30,30.707921981811523,30.949783078022215,29.857240429991144,29.95731967683416,7709300
2020-07-01,30.00736427307129,30.96646697292339,29.857243795155966,30.791324294380676,6902400
2020-07-02,29.93230628967285,31.041529551026173,29.84056563720453,30.84970963289355,5768200
2020-07-06,30.716270446777344,31.400151281430407,30.357649621110177,30.632868405074174,6069500
2020-07-07,29.67377281188965,30.32429291810856,29.58203214430226,30.299273892934917,6683600
2020-07-08,29.615385055541992,29.965667259360732,29.09830513524648,29.63206546348217,5969900
2020-07-09,28.53952407836914,29.632063690655073,28.36438139620695,29.44858557721525,6103500
2020-07-10,30.391008377075195,30.432710990195964,28.564546546165218,28.70632525009518,8974900
2020-07-13,30.716270446777344,31.083229885883533,29.898946345399207,30.649548813414807,6708000
2020-07-14,30.265907287597656,30.92476906393444,29.807207218786097,30.474407608099494,7961500
2020-07-15,31.39180564880371,31.992287549805813,30.949786016933945,31.83382528067348,7798200
2020-07-16,31.32508659362793,32.084027567486444,30.87472517666693,30.999823449292453,6105600
2020-07-17,30.049068450927734,31.333431328890498,30.03238804169231,31.291731896533317,9154500
2020-07-20,29.66543197631836,30.132473943946678,29.598713513207525,29.890612754560774,7234100
2020-07-21,30.524446487426758,30.833029260899547,29.832227058705023,29.87392648765844,9232100
2020-07-22,30.240880966186523,30.67456195552775,30.040722467390253,30.36598241403068,6305500
2020-07-23,30.666229248046875,30.78298892506883,30.024047842963533,30.099108089829446,5988200
2020-07-24,30.79132843017578,31.258370333250873,30.67456874977268,30.782989816488136,7385800
2020-07-27,30.15749168395996,30.541131579511735,29.68211112176255,30.52445116907953,6452300
2020-07-28,30.290924072265625,30.449383158824944,29.95732231150033,30.015705323877103,7658800
2020-07-29,31.450183868408203,31.550266301087788,30.032381220067787,30.249223309411516,6527700
2020-07-30,30.782983779907227,30.891404825361185,30.04072323022055,30.5744834825138,6202100
2020-07-31,30.724607467651367,30.7496264881342,30.09076789087435,30.56614836882272,7707300
2020-08-03,30.691247940063477,30.933109086417293,30.332627117942312,30.682909326706902,4683700
2020-08-04,30.215864181518555,30.649545202899677,30.157484349934773,30.54946594610779,4098900
2020-08-05,30.74129295349121,30.81635320880185,30.42437152201708,30.44105193224866,4585300
2020-08-06,30.68290901184082,30.983149992997255,30.474408683978016,30.55780754253813,3227200
2020-08-07,31.241683959960938,31.250025753518702,30.10744182722236,30.324283919255244,7818900
2020-08-10,31.250024795532227,31.683705784841198,31.05820490859091,31.466863699455725,7739300
2020-08-11,31.91722869873047,32.81794840790053,31.742089197150506,32.059007386258344,7527000
2020-08-12,31.533588409423828,32.65948882439595,31.191648024164998,32.6177893981863,4864100
2020-08-13,31.166627883911133,31.525248699657187,30.916428128648473,31.23334951542784,4084600
2020-08-14,31.508563995361328,31.65868446434143,30.741284426318206,30.866382696160247,3971800
2020-08-17,30.799663543701172,31.375123207189834,30.732941922823766,31.33342378487245,5522600
2020-08-18,30.299272537231445,30.883070974915274,30.24923130766017,30.774653083038494,4335500
2020-08-19,30.15749168395996,30.774654144099628,30.057412402829712,30.307612196386827,4218700
2020-08-20,29.69878578186035,29.974004547045908,29.481943669690036,29.807206837945508,4373400
2020-08-21,29.36517906188965,29.798860031828344,29.21505860377772,29.690438993978212,5999700
2020-08-24,30.649547576904297,30.657886190006913,29.46526726566059,29.52364710176627,5276300
2020-08-25,30.53278923034668,31.19998965871,30.35764971442555,30.958128509221236,4890800
2020-08-26,30.20752716064453,30.591166983111926,30.182504959031522,30.416027479132772,4649000
2020-08-27,30.808000564575195,31.091561075736386,30.18249971773096,30.207521914998768,5600600
2020-08-28,31.024843215942383,31.149941478757388,30.582820445902748,31.149941478757388,4666600
2020-08-31,30.357656478881836,30.908097352616593,30.224216363475332,30.833037088858976,6037300
2020-09-01,30.599506378173828,30.77464906809225,29.982347201292118,30.157486709748078,5984200
2020-09-02,31.366788864135742,31.500228942588926,30.44938554099049,30.557806598940708,8346100
2020-09-03,31.241683959960938,32.47600534515819,31.083224878446195,31.66702635046894,9892300
2020-09-04,31.950590133666992,32.31754955098396,31.3084087672655,31.958928746610887,8406900
2020-09-08,30.624528884887695,31.650350106494226,30.382667743303536,31.366789536024434,9781700
2020-09-09,30.466066360473633,30.924769618980534,30.382667503361,30.866386601246727,5718900
2020-09-10,29.84056854248047,31.008171754270958,29.807210904986334,30.641212290133023,7381700
2020-09-11,30.591167449951172,30.649547285501804,29.73214714273842,29.85724542686301,6330300
2020-09-14,31.583627700805664,31.892210466211644,30.79966764000279,30.874727882741755,5797000
2020-09-15,31.12492561340332,31.75876832909556,30.94978611885502,31.600306059441397,7353500
2020-09-16,31.825481414794922,32.29252316975293,30.999818937209835,31.124920373088738,5697300
2020-09-17,31.600313186645508,31.817155336722827,31.233353708427718,31.425173652595852,6422600
2020-09-18,31.375125885009766,31.733746674178587,31.183305980808672,31.3167460524904,7800000
2020-09-21,30.15749168395996,31.008173527224535,29.707130146679365,30.591172810808352,8109100
2020-09-22,29.682106018066406,30.357648207831055,29.45692528814486,30.24088535488243,7230500
2020-09-23,28.773052215576172,30.21587445214686,28.764713600285074,29.865595343581358,6665800
2020-09-24,28.964862823486328,29.456923684724217,28.4978209815015,28.923163397577138,6961400
2020-09-25,29.3234806060791,29.381860432658097,28.53117886919881,28.68964112545203,4565600
2020-09-28,30.107446670532227,30.40768765766935,29.748825844947618,29.92396854175266,5622700
2020-09-29,29.786788940429688,30.023060281799008,29.297375941208756,29.955553264575844,5202800
2020-09-30,30.250896453857422,30.520918156658364,29.820550370928608,29.913370934812544,9457500
2020-10-01,30.377466201782227,30.45340999604317,29.90492667983502,30.402779726898494,4618100
2020-10-02,31.027212142944336,31.179099757438628,29.744607408832938,29.8458647455249,5406100
2020-10-05,31.83727264404297,31.997597005397818,31.314106058489898,31.491307176657713,5471700
2020-10-06,31.57569694519043,32.74016775339608,31.449126060569856,32.19168748221393,6061100
2020-10-07,32.731727600097656,32.95955903157062,32.056673295129336,32.10730035618144,7673000
2020-10-08,33.33082962036133,33.465840447029095,32.73171927820511,32.908920384660554,6988400
2020-10-09,33.052371978759766,33.55022506587889,32.554522110553044,33.49959801157307,6504700
2020-10-12,33.54179000854492,33.72743113424172,32.731724909179455,32.934239574564536,7249500
2020-10-13,32.41950225830078,33.49115204150645,32.33512170358707,33.33082769998566,6460000
2020-10-14,32.27605438232422,33.33926416918547,32.25074085991927,32.43637872240856,7761200
2020-10-15,33.02706527709961,33.20426644161582,32.11574270322118,32.23387681289865,6006800
2020-10-16,33.02706527709961,33.49960493472258,32.596719132001226,33.119885854392784,5679000
2020-10-19,32.883602142333984,33.49958915180404,32.79078160877206,33.204250797842306,6117200
2020-10-20,33.08613204956055,33.60930198640012,33.03550498522404,33.170515854976465,5666300
2020-10-21,32.757041931152344,33.212704805233926,32.72328841035084,32.91736632659013,4911800
2020-10-22,34.15777587890625,34.21684292224707,32.714846873444976,32.714846873444976,6366100
2020-10-23,34.309661865234375,34.62187382517299,33.81180879559115,34.495302974938994,5760500
2020-10-26,33.718990325927734,33.980575249514125,33.229577214048746,33.90463144711243,6300100
2020-10-27,32.41107177734375,33.52491205396385,32.39419501934496,33.440531482882385,6944000
2020-10-28,31.474435806274414,32.09042305026069,31.373178466979997,31.795087802771647,8437800
2020-10-29,32.124168395996094,32.34356299737619,30.858440710672646,31.339416973582598,6634200
2020-10-30,32.866729736328125,32.87516650462625,31.862583706516386,32.056664785405026,6210100
2020-11-02,33.53335189819336,33.85400064205379,32.71484684279121,33.28864373663216,5915600
2020-11-03,34.444671630859375,34.67250301688045,34.09026939854584,34.20840347598369,6210400
2020-11-04,32.90892028808594,33.98900689825845,32.46169752960738,33.48271710446809,7494700
2020-11-05,34.14089584350586,34.30122341910761,32.875168089574395,32.875168089574395,5535900
2020-11-06,33.052371978759766,34.53749447070364,32.824543796558764,34.4446739125931,6210300
2020-11-09,37.26302719116211,37.963398135595384,35.85385175199492,36.25888427137673,16088500
2020-11-10,37.246150970458984,37.541489399765624,36.47827620452152,37.541489399765624,8062400
2020-11-11,36.917057037353516,37.254585703545516,36.12386885638781,37.153325172340764,7680500
2020-11-12,36.12387466430664,36.45296339635246,35.550077770873564,36.25044552029449,8025000
2020-11-13,36.545780181884766,36.7820483304628,36.30107204576488,36.49514991337,5968700
2020-11-16,37.364280700683594,38.00558453839986,36.95924822266322,37.684932619541726,7642100
2020-11-17,37.15333557128906,37.41492052174918,36.486721258292846,36.78205650968909,7384500
2020-11-18,36.50359344482422,37.769321421979065,36.46984314514041,37.35585208536626,7324800
2020-11-19,36.48671340942383,36.54578044699682,35.727275470753696,36.267318796513734,7476300
2020-11-20,35.99729537963867,36.42764137797473,35.79477753289043,36.3263840640566,5242500
2020-11-23,36.360145568847656,36.59641375957131,36.1323141482587,36.51203318257363,5943400
2020-11-24,38.309364318847656,38.334677845864825,37.0605100041277,37.16177055002114,8718100
2020-11-25,37.701812744140625,37.88745385358061,37.440227837103585,37.88745385358061,5407800
2020-11-27,37.30522155761719,37.75244762874387,37.170210703048085,37.71869411037343,2871800
2020-11-30,36.461402893066406,37.617436754814044,36.34326879774333,37.37272857512329,14916400
2020-12-01,37.33897018432617,37.60055508905868,37.136452319547416,37.389600455248925,6850700
2020-12-02,37.701812744140625,37.82838681310648,37.094262363364166,37.288340241909474,5822700
2020-12-03,37.9465217590332,38.26717049494116,37.49929573236181,37.76931741465923,6192000
2020-12-04,38.28404998779297,38.5034446321553,38.005591516302424,38.30092674650642,6634900
2020-12-07,37.80306625366211,38.005584099791115,37.45710081483037,37.86213328817641,7054500
2020-12-08,37.95496368408203,37.988717203682334,37.25459585639619,37.338976436484145,5289500
2020-12-09,38.689083099365234,38.942231264813316,38.17435643627197,38.292490530061,9415200
2020-12-10,38.91691589355469,39.04348998075612,38.26717513581866,38.427502742128844,7318300
2020-12-11,38.680641174316406,38.79033848346354,38.241855156640064,38.45280978712414,5266800
2020-12-14,37.8115119934082,39.44008212172632,37.71869143393218,39.23756424478659,5518000
2020-12-15,38.132164001464844,38.19967103919225,37.549930286173215,38.08153694208202,5787400
2020-12-16,38.26716613769531,38.385303426797186,37.971830962220615,38.174348810340405,5711600
2020-12-17,38.20810317993164,38.42749780704984,37.803070659381504,38.42749780704984,6017900
2020-12-18,37.853702545166016,38.30092536879156,37.524613809372696,38.13216100664018,14375000
2020-12-21,38.25028991699219,38.393737501039304,37.305210983965516,38.03933531533813,10715700
2020-12-22,38.469688415527344,38.83253065512657,38.17435320604535,38.47812518483582,8468900
2020-12-23,39.431644439697266,39.62572233953886,38.680646369336806,38.78190370427315,6693000
2020-12-24,39.229122161865234,39.431636792462946,38.83252645015269,39.38944651266442,1980900
2020-12-28,39.37256622314453,39.87041920547197,39.271308916933855,39.541330546103474,4330800
2020-12-29,38.92535400390625,39.532901223974356,38.89160048642674,39.50758769532103,4083400
2020-12-30,39.3000373840332,39.410739372120524,39.01901714853059,39.07862691088173,3157400
2020-12-31,39.67473220825195,39.73434197725205,39.07011698068596,39.28300994096881,3778500
2021-01-04,39.274497985839844,39.938726325307435,38.8316801756912,39.75989374439929,6738800
2021-01-05,39.40222930908203,39.691763863757906,38.7976140841229,39.26597794502802,5334600
2021-01-06,41.73553466796875,42.26351155044991,40.0494228057437,40.47520872797696,12378300
2021-01-07,42.570072174072266,43.37054843010262,42.20389607061974,42.28053765619093,7778600
2021-01-08,41.99952697753906,42.77445729743832,41.56522672619536,42.61265980154343,6574400
2021-01-11,42.01654815673828,42.11022156427403,41.30974208059641,41.548184367547826,5631500
2021-01-12,42.280548095703125,42.663752869688004,42.11874734816456,42.44234559475254,5901900
2021-01-13,42.16133117675781,42.47641517723879,41.85476796450355,42.067660979076834,5536300
2021-01-14,41.965457916259766,42.39976136015867,41.95694362746252,42.2464781738989,6949400
2021-01-15,41.21607208251953,41.565216353842004,40.892473922992664,41.31825977819023,8547300
2021-01-19,40.93506622314453,41.446008129278496,40.90100256313843,41.18202288545469,12398000
2021-01-20,38.81465530395508,40.40709411580301,38.482539478242174,40.02388604651085,12256200
2021-01-21,38.89128112792969,39.24042867174148,38.48252706866011,38.90831295312699,12365900
2021-01-22,39.0530891418457,39.34262372733498,38.56769340271502,38.62730317780201,9036800
2021-01-25,38.967926025390625,39.21488263898489,38.244091259739875,38.797614255935464,9576900
2021-01-26,38.482540130615234,39.33411218859424,38.47402583937087,39.30005177512718,7909200
2021-01-27,36.45579528808594,38.10784365355493,36.387667974793644,37.980106565376424,11801800
2021-01-28,37.27329635620117,37.55431334802227,36.38766094542302,37.17110865449245,8597200
2021-01-29,36.48984909057617,37.469157926691935,36.46430297696066,37.23071887031112,7339300
2021-02-01,36.404701232910156,36.907128818461814,36.166262124000625,36.847519041234435,6666900
2021-02-02,37.68205642700195,37.91198122891759,36.86454818585011,36.86454818585011,6487400
2021-02-03,38.09080505371094,38.18447846859068,37.46064376022843,37.47767233703518,5850300
2021-02-04,39.43629455566406,39.47035496168723,38.09932697671038,38.30370240680492,6633800
2021-02-05,39.47035217285156,39.93020173080628,39.28300858325008,39.89613807870104,4146600
2021-02-08,40.36450958251953,40.39856998985616,39.546998085148914,39.56402991306174,5986200
2021-02-09,40.54334259033203,40.7477180468961,39.98981950253318,40.22826186651034,4940300
2021-02-10,40.32192611694336,40.798807526170194,40.28786571152553,40.773261409984606,5625500
2021-02-11,40.23677062988281,40.55185131042353,39.896140584414184,40.245284919199534,4413300
2021-02-12,40.568885803222656,41.028735420274174,40.08349006805352,40.12606801441257,4141600
2021-02-16,41.428977966308594,41.69296320005537,40.88396917248357,41.11389399601382,5603600
2021-02-17,41.982486724853516,42.05912831247479,41.00318115912439,41.29271568475048,6928600
2021-02-18,41.77811813354492,42.152808596053816,41.17349962220445,41.624834933316514,7617300
2021-02-19,42.59562683105469,42.723360666971,41.95694790600617,42.00804338946609,5374200
2021-02-22,43.379066467285156,43.540867188857746,42.40827513180414,42.40827513180414,7017900
2021-02-23,43.949623107910156,44.87783654188159,43.64305672626986,44.14548424096062,9904100
2021-02-24,44.97150802612305,45.16736915073413,43.89001144793162,44.00071344326269,6814400
2021-02-25,43.9666633605957,45.59316575402327,43.924085410205436,45.5591020943153,6254500
2021-02-26,42.57859802246094,43.71119028913323,42.45086092899786,43.67712663107785,9499600
2021-03-01,43.5664176940918,43.898530210912384,43.327978604782444,43.44719814943712,8921300
2021-03-02,43.13211441040039,43.779307570687536,43.0895332201869,43.59196072891209,7360600
2021-03-03,43.5664176940918,44.435021410347375,43.183209694495375,43.353524721925886,7442800
2021-03-04,43.44720458984375,43.88150488810567,42.6126644050638,43.51532866182097,10901400
2021-03-05,44.681976318359375,44.869319917684,42.91922283653456,44.060329253374235,10621000
2021-03-08,46.0274543762207,46.31698891335381,44.73306487188966,45.133304650761815,9847600
2021-03-09,45.04814910888672,45.848625424136344,44.68197297834447,45.022599746147286,8899100
2021-03-10,45.79753875732422,46.12965130042886,45.0226084072503,45.201440986874445,8455100
2021-03-11,45.43135452270508,46.02745543623543,45.04814980903216,45.422840233985326,6141300
2021-03-12,46.52989196777344,46.598019284716706,45.984886426184346,46.146683931190715,5415500
2021-03-15,45.96784591674805,46.62355660030615,45.39729436328826,46.52988318144233,6228000
2021-03-16,45.848628997802734,45.8571432870538,44.9629934852052,45.62722174389777,9928300
2021-03-17,46.402156829833984,46.57246862047373,45.737928502080116,46.24887361946688,7768700
2021-03-18,47.91795349121094,48.556632446711994,46.77684696077616,46.83645673674379,11182900
2021-03-19,47.015281677246094,47.64544628386961,46.708715287455675,47.51770920529398,28076700
2021-03-22,46.18926239013672,46.83645562028178,45.84863232259359,46.83645562028178,6976700
2021-03-23,45.627227783203125,46.453250386421736,45.25253403678425,45.71238368094054,10640100
2021-03-24,45.53355026245117,46.51285599254939,45.53355026245117,45.87417707133747,6880700
2021-03-25,46.74277877807617,46.77684243204239,45.41432875828189,45.54206258792197,8728200
2021-03-26,47.86685562133789,47.9434972221205,47.1004428620008,47.287786470644626,9628300
2021-03-29,47.34739303588867,47.77317895617001,46.65762192406573,47.31333263111763,11780100
2021-03-30,47.939453125,48.18828945150646,47.42462228062738,47.75926265679105,6624000
2021-03-31,47.458953857421875,48.09391179629815,47.44179238972045,47.68204639110982,6752700
2021-04-01,47.90513610839844,47.913715204550954,47.12430415671037,47.30449790806178,6219400
2021-04-05,48.36847686767578,48.69453812758522,48.17112494734531,48.428540353288774,4769200
2021-04-06,48.248348236083984,48.402798128977885,47.81074238836084,48.12822126899192,4513200
2021-04-07,48.74602508544922,48.797506205420675,48.26551390202292,48.480027297143025,5068800
2021-04-08,48.720279693603516,48.96053691423775,47.990935482814,48.58299125604733,6361400
2021-04-09,49.157894134521484,49.295182586868016,48.7031234766365,49.19221706591184,5990100
2021-04-12,49.49253463745117,49.595500158625605,49.17505570445464,49.42388877452495,5185600
2021-04-13,48.59157180786133,49.166466095754465,48.54866978645675,49.097823516150015,6099300
2021-04-14,49.40673065185547,49.621244063980825,48.25693863193496,48.497192606086585,6508900
2021-04-15,48.33415985107422,49.07208318218355,46.78966078471489,48.77176573773293,13346400
2021-04-16,49.646976470947266,50.16180726619556,48.52292519769076,48.83182498412549,7934200
2021-04-19,49.52685546875,49.93872080919767,49.363823187820984,49.60408042465986,6586600
2021-04-20,48.23977279663086,49.14072839130601,48.18828840402685,48.95195555830593,10679900
2021-04-21,48.90047073364258,48.98627477493312,47.56190608629527,47.96519228143243,6051500
2021-04-22,48.18829345703125,48.82325460620399,48.18829345703125,48.56583588940575,6050400
2021-04-23,49.10640335083008,49.475366632253106,48.119643750803526,48.23118835349274,6229600
2021-04-26,49.586917877197266,49.99878320865411,49.235116035335295,49.380983574861496,5588600
2021-04-27,50.04167938232422,50.10174286489596,49.621235004322024,49.93013151188485,5627500
2021-04-28,50.599422454833984,50.788192023343846,50.17039564961603,50.196136210500384,5281900
2021-04-29,51.50895309448242,51.5947604126372,50.865412937786886,50.95979935114988,6111800
2021-04-30,50.925479888916016,51.37166815403649,50.69380829717118,51.105673632694376,6581800
2021-05-03,50.87399673461914,51.517536909383615,50.822512342280724,51.165735078107616,4870200
2021-05-04,51.998046875,52.04953126938135,50.47071251371536,50.62516242364468,7908000
2021-05-05,51.817848205566406,52.324099880629355,51.42314439740592,51.98088045870406,6789200
2021-05-06,52.71881103515625,52.753133964095944,51.78353249744495,52.12675524041255,5512900
2021-05-07,52.65874481201172,52.69306773916932,51.63766227818173,51.76637161841549,6158800
2021-05-10,52.48712921142578,53.43098999276196,52.42706573035698,53.02770381425923,7013500
2021-05-11,51.61191940307617,52.830353803557266,51.5261120890332,52.16107312009381,6943500
2021-05-12,51.10567092895508,52.590103186749154,51.0198636095015,52.384168893275124,9206700
2021-05-13,52.42707061767578,52.856097392855496,50.89115725017543,50.9340592730505,5329700
2021-05-14,53.12209701538086,53.27654692166277,52.564360879005655,52.64158583214661,4087700
2021-05-17,53.379520416259766,53.55971090945979,52.735980134932426,52.82178746970516,4151300
2021-05-18,52.21255874633789,53.602607895001654,52.17823909096992,53.353771572599726,5832200
2021-05-19,51.54327392578125,51.749208207764056,50.73670480721183,51.654821798239205,8055000
2021-05-20,51.165740966796875,51.63766982796242,50.719552668155735,51.46605844029814,6338800
2021-05-21,51.800697326660156,52.186822119276,51.18290093168968,51.31160701375171,5347800
2021-05-24,51.84358596801758,52.07526078376873,51.6033320582967,51.98087765724554,3504600
2021-05-25,51.18289566040039,52.42707069160439,51.10567070983056,51.937980429067,5028200
2021-05-26,51.25154113769531,51.35450665320017,50.53935835173249,51.26870260248191,7436100
2021-05-27,52.1181755065918,52.55578138896301,51.71488927952536,51.92082030421254,12453000
2021-05-28,52.15249252319336,52.306942420501514,51.689146104483335,52.14391342810489,6127000
2021-06-01,52.33269119262695,52.99338959288918,52.11817778980513,52.77887619006736,4967000
2021-06-02,52.05811309814453,52.60727018073131,51.87792261817217,52.33269327604537,5573300
2021-06-03,52.03236389160156,52.58151760973756,51.74062556969002,51.903657830096506,4631500
2021-06-04,52.143917083740234,52.15249617943016,51.58618094066926,52.075271225362094,4581600
2021-06-07,51.94655990600586,52.298361711637874,51.852173496872865,52.281200248776024,4520800
2021-06-08,51.7320556640625,51.98089200967327,51.045613394459465,51.663409800494726,5617400
2021-06-09,50.83967971801758,51.36309297806937,50.79677768935423,51.303029483297685,6549800
2021-06-10,50.2905158996582,51.68056164599779,50.28193353170238,51.5861752377697,4873800
2021-06-11,50.74528503417969,50.8225099824943,50.264777154190455,50.43638524092121,5659300
2021-06-14,49.90439224243164,50.72812283028566,49.569751895691844,50.59083439897666,5035400
2021-06-15,50.204708099365234,50.44496530158374,49.71561787348421,49.87865013092075,5807800
2021-06-16,50.144649505615234,50.547935731371545,49.20079188690023,49.844332065082625,8635300
2021-06-17,47.81074905395508,50.590840967206496,47.647716770274194,50.530777475286634,8333100
2021-06-18,46.969852447509766,47.39029685114783,46.38637577562409,46.995593006405905,19017200
2021-06-21,48.033836364746094,48.153963335602235,47.24442868585457,47.24442868585457,5680700
2021-06-22,47.999515533447266,48.2655133185378,47.49326379615535,48.256934223051154,4183300
2021-06-23,48.17113494873047,48.49719627633739,47.85365599125842,48.06816941961808,5655900
2021-06-24,48.806087493896484,49.02917997966876,48.05957853868806,48.2998357616904,5761900
2021-06-25,49.638397216796875,49.741366000877484,48.75460309599969,49.19221224530585,4931100
2021-06-28,49.37240219116211,49.56975411543034,48.874729559622146,49.475367700951075,5143200
2021-06-29,48.974796295166016,49.95152718597613,48.79328089785015,49.42426534848322,6974000
2021-06-30,49.24274444580078,49.45883512243177,48.819205268799934,48.94886099369135,4664100
2021-07-01,49.77001190185547,49.78729625634946,49.268679892186775,49.571205555067934,3660400
2021-07-02,49.7613639831543,49.90830736739505,49.42426303327799,49.795939285008856,3520900
2021-07-06,48.41295623779297,49.5539181027325,48.084500766421655,49.35511176837326,5008700
2021-07-07,48.39567184448242,48.819207745689724,47.93755734463004,48.11907273086174,5125700
2021-07-08,47.57452392578125,48.09314022824671,47.25470735188825,47.64367122737836,5977700
2021-07-09,49.24274444580078,49.30324957147489,48.274655840450855,48.47346216455958,4437300
2021-07-12,49.77001190185547,49.91695199603134,48.40431708706069,48.80192318607091,5403100
2021-07-13,49.199520111083984,49.77864479711874,48.87106468042492,49.614417081789206,4387500
2021-07-14,49.260032653808594,49.64035106196728,48.60311514292839,49.26867483016766,6398100
2021-07-15,50.84181594848633,51.6283859076043,48.724126582466496,48.94886274066145,10314800
2021-07-16,49.415626525878906,51.01469990534821,49.311903898776514,50.95419476476491,5779400
2021-07-19,47.11641311645508,48.689556390505366,46.84846276816043,48.28330483369439,8560800
2021-07-20,48.48210906982422,49.08716368286516,46.943544357268344,47.19420706067588,6271100
2021-07-21,49.441551208496094,49.709501557504694,48.82785443184003,48.897001739000146,5544800
2021-07-22,48.240089416503906,49.47612849354863,48.093146024815944,49.432907715398834,4042900
2021-07-23,48.16230010986328,49.01801750358931,48.015356707564436,48.663628859234386,3570500
2021-07-26,48.559906005859375,48.758709069079686,47.989426647010724,48.13636675132383,3721700
2021-07-27,48.53396224975586,48.715477607926985,47.62637886433681,47.97212522995184,4332400
2021-07-28,48.43889236450195,48.94022107661797,47.94620582962827,48.836498463297836,4063600
2021-07-29,48.78464126586914,49.087170261576034,48.248737186968135,48.88836718871409,7566000
2021-07-30,48.006710052490234,48.88836049221103,47.6523214411862,48.48210892658847,6478400
2021-08-02,47.65231704711914,49.11308883759365,47.63502939727374,48.29194360498857,4741300
2021-08-03,48.309234619140625,48.42160270232012,46.97811516388293,47.998063494817295,5102700
2021-08-04,47.59181594848633,48.17958290383804,47.436230383994264,47.83383647223738,4101400
2021-08-05,48.240089416503906,48.36974185910599,47.85112549413276,48.00671106308122,3774500
2021-08-06,49.2686767578125,49.70085813288103,48.72412730198713,48.88835833477379,4756100
2021-08-09,49.303253173828125,49.744076735560114,48.75870370569142,49.182242913638255,3672300
2021-08-10,49.84779357910156,50.02931224567354,49.130374277834306,49.1735917518631,3759600
2021-08-11,50.815887451171875,50.85046275291923,49.657641220893716,50.04660512234576,5462200
2021-08-12,50.86774444580078,50.99740017193039,50.366415785815946,50.76402184326635,3758200
2021-08-13,50.32320022583008,51.14434219831288,50.20218996871818,51.01468976452822,3630500
2021-08-16,49.7613639831543,50.081177282103326,49.23410217036017,49.95152484607212,3219600
2021-08-17,49.06122589111328,49.718143396151085,48.508034285154324,49.346467167657025,3474500
2021-08-18,48.44752883911133,49.30324936580449,48.404311363421826,48.76734211595211,4656800
2021-08-19,47.833839416503906,48.395676578116564,47.38437034667029,47.97213733820021,5568800
2021-08-20,48.127716064453125,48.21415101673403,47.53994915655318,47.712822358397055,3650900
2021-08-23,48.5512580871582,48.81921174876873,48.343812856535365,48.3697426860426,3674900
2021-08-24,49.10445022583008,49.19088518404937,48.52532545445748,48.68091101707804,3210400
2021-08-25,49.82187271118164,50.27134177590739,49.16495841491017,49.33783163938661,3983400
2021-08-26,49.476131439208984,50.107115929830236,49.389693175045544,50.020677665666796,3340500
2021-08-27,50.39234924316406,50.45285437377571,49.49341116367351,49.64035455036058,4432400
2021-08-30,49.337825775146484,50.504714131423,49.23409987441986,50.323198751074585,4848600
2021-08-31,49.605777740478516,49.986099461088315,49.18224183906771,49.45883765553908,6869000
2021-09-01,48.5512580871582,49.79594266002518,48.49939842814374,49.79594266002518,6533600
2021-09-02,48.78464126586914,49.06123713222339,48.430252606022584,48.620413500622185,5307500
2021-09-03,48.53396224975586,48.87970531808919,48.24007882816759,48.82784567134413,3921800
2021-09-07,48.25737762451172,49.22546305568484,48.17093936449829,48.6463382540835,4879100
2021-09-08,47.833839416503906,48.300596138709885,47.635036360145634,48.08450542997925,3501700
2021-09-09,48.24872589111328,48.801917494310125,47.704176464155495,47.80790236271643,4810100
2021-09-10,47.92891311645508,48.71548305374087,47.90297999290182,48.56853967787935,3856300
2021-09-13,48.871070861816406,48.88835851255588,48.25737409833512,48.35245123147888,5448400
2021-09-14,48.32652282714844,49.23410308536308,47.9375589172615,49.05258769317662,5432200
2021-09-15,49.960166931152344,50.107110315123265,48.52532487964553,48.60311766003431,7194300
2021-09-16,49.35511779785156,50.42692919094643,49.113097253109956,50.13304568778192,6056000
2021-09-17,49.277313232421875,49.7008523817837,49.14766081327328,49.15630298897045,10014300
2021-09-20,48.127716064453125,48.21415101673403,47.18556057655015,47.920267562784055,8945100
2021-09-21,49.35511779785156,49.66628895382371,48.30059735484696,48.5080425939733,10332300
2021-09-22,50.06388473510742,50.92824741324628,49.899657013282535,50.02931273391614,8715700
2021-09-23,51.248069763183594,51.541953238816234,50.5565802020722,50.64301516073025,8216800
2021-09-24,51.680240631103516,52.138351753847125,51.230771683553606,51.343139744761494,4770700
2021-09-27,52.81256103515625,53.01136736297459,52.24208177009687,52.27665707035068,5388200
2021-09-28,52.22479248046875,53.29660367371447,52.12971535367872,52.99407804919617,7223100
2021-09-29,52.4860954284668,52.83449434721204,51.937371616923784,52.25963845708722,4934700
2021-09-30,51.77187728881836,52.834490931983375,51.71961978018933,52.79965037784528,5648600
2021-10-01,52.92158889770508,53.23514723921669,51.911236087599946,52.04188650408915,6334000
2021-10-04,52.72126388549805,53.66193896694758,52.57319650559117,52.74739596392386,5305300
2021-10-05,53.38322067260742,53.722907785819885,52.68642616825131,53.0696623150026,5365100
2021-10-06,53.52257537841797,53.56612440854346,52.41641273582486,53.078366632435134,5037100
2021-10-07,53.8971061706543,54.463250240556235,53.66193740712769,54.01033299108776,5104900
2021-10-08,54.289058685302734,54.54164442512358,53.69678248781803,53.940659749401675,4554500
2021-10-11,53.87097930908203,54.872623770430835,53.8535623523891,54.68100402102324,3713300
2021-10-12,53.705482482910156,54.123559146406286,53.287405819414026,53.73161123607305,4108300
2021-10-13,53.531288146972656,53.68806732605569,52.42512541569936,53.54870842493502,5000800
2021-10-14,52.329322814941406,52.54707132201574,51.040248729192236,52.25964169783992,8490700
2021-10-15,52.45996856689453,52.834496255168176,51.414775095493155,52.468680367595844,9158100
2021-10-18,52.76481628417969,53.078371322335116,52.11157080684383,52.11157080684383,5212200
2021-10-19,53.43547439575195,53.45289467244821,52.825781324273265,53.017397722775975,3506800
2021-10-20,54.506805419921875,54.51551389787634,52.939013581847156,53.28741250643674,4806200
2021-10-21,54.15840148925781,54.689708304985864,53.81000259687212,54.49808858191592,4699000
2021-10-22,54.646175384521484,54.70714471027686,53.90582835058198,54.23680706366763,5251100
2021-10-25,54.45454406738281,54.88132925724517,54.323893641257726,54.74197035324831,3043600
2021-10-26,54.384864807128906,54.63745386753532,54.062597953639134,54.51551523770559,3825600
2021-10-27,52.503517150878906,54.12356651922393,52.4077072794596,54.080017483827454,7255000
2021-10-28,53.06966781616211,53.10450837563603,52.468683116840786,52.773529705791034,3979100
2021-10-29,52.581905364990234,53.30483195941553,52.43383798400867,53.15676125585563,4008400
2021-11-01,52.93900680541992,53.20030762670363,52.52964194239282,53.06965721606178,2797500
2021-11-02,53.008689880371094,53.22643835781424,52.51222361760698,52.982561126302905,3588300
2021-11-03,53.85355758666992,54.228081928838385,52.695134036970046,52.76481514788955,4187500
2021-11-04,52.503517150878906,53.59225964868299,52.050599873083,53.54000213523859,4260300
2021-11-05,52.860618591308594,53.33095609469562,52.6341616392582,53.06094678958573,3907500
2021-11-08,52.860618591308594,53.243858033732714,52.4860909485276,53.06094678958573,3563800
2021-11-09,52.32060623168945,52.64287306238092,51.90252953503014,52.35544678705562,4042900
2021-11-10,52.68642807006836,53.03482367353328,52.38157817913585,52.49480832848669,3580100
2021-11-11,52.93900680541992,53.22643637980082,52.62544847794183,52.68642110613187,2893700
2021-11-12,52.69513702392578,52.96514636017661,52.224799466293405,52.886756767237884,3686000
2021-11-15,52.6602897644043,52.973848096252574,52.56447990494199,52.92158726675186,3190100
2021-11-16,52.71255874633789,53.11321520007419,52.15512310243026,52.77352806222913,3910500
2021-11-17,51.66736602783203,52.66901049977789,51.64994574837626,52.590620903516225,4177300
2021-11-18,51.083797454833984,51.73704292958849,50.848628685212965,51.73704292958849,3947000
2021-11-19,50.16053771972656,50.7179732717322,49.80343036156183,50.69184451853755,4302300
2021-11-22,51.3712272644043,52.07673362172487,50.787662861712555,50.918309972089936,5534300
2021-11-23,52.32060623168945,52.4860938858114,51.676072570306516,51.806719669062296,4686500
2021-11-24,52.120277404785156,52.78223133600968,51.84155961031397,52.21608726961804,2862800
2021-11-26,50.08214569091797,50.39570400424747,49.25470088020463,50.378283728776076,4654300
2021-11-29,49.99505615234375,50.68313887649458,49.47245776691541,49.99505615234375,4965300
2021-11-30,48.2008056640625,49.44632728710689,48.139836352941025,49.420198531648616,10030800
2021-12-01,47.774009704589844,49.707617048482696,47.7478809532111,49.28083193726708,6293100
2021-12-02,49.29825210571289,49.71633209051219,47.94821226097312,48.40984127510377,5410900
2021-12-03,48.41855239868164,49.48987452716974,48.09628557691973,49.315675077743954,6285700
2021-12-06,49.54214096069336,50.12570536129078,49.09793214830028,49.420202329080674,6425500
2021-12-07,50.24763488769531,50.5002239060242,49.646650316830154,49.88181905914554,8751700
2021-12-08,49.681495666503906,50.4566797497842,49.629234833416675,50.238931262454756,4190900
2021-12-09,49.82956314086914,50.23893136107714,49.132768644562724,49.498587831734994,5617000
2021-12-10,50.31732177734375,50.48280943463327,49.79472340458298,50.41313164514548,4034800
2021-12-13,49.48987579345703,50.299900429821456,49.34180841733234,50.2040905640569,4763100
2021-12-14,49.91666030883789,50.41312655313887,49.48116337014735,49.58568170511125,4585600
2021-12-15,49.420196533203125,50.21280086830942,49.14147542174662,50.056021696743066,6417600
2021-12-16,50.021175384521484,50.6657089511433,49.69019680236075,50.09956496128119,7989200
2021-12-17,48.54049301147461,49.80343491849461,48.340164799304006,49.707625051243824,14924000
2021-12-20,47.791439056396484,47.99176727436186,46.894316314512764,47.861120170077506,6655900
2021-12-21,48.63630294799805,48.95856978346382,48.340164868154865,48.340164868154865,4620100
2021-12-22,48.83662796020508,48.86275671411547,48.287900870040396,48.540489899767735,4896000
2021-12-23,49.04567337036133,49.57697691976629,48.9063144631672,49.23728979114174,4679500
2021-12-27,49.420196533203125,49.44632528760481,48.73211053828169,49.063089158541565,3709200
2021-12-28,49.42890548706055,49.72504355592139,48.97598824512171,49.15018769549483,3129000
2021-12-29,49.29825210571289,49.64665098551965,49.2372828001334,49.507292098112536,4269200
2021-12-30,49.30704116821289,49.74610652732502,49.27191513553124,49.3421638510917,4346700
2021-12-31,49.3245964050293,49.50900638514515,49.10506374518893,49.21922166625063,3282500
2022-01-03,50.29054641723633,50.40470434805669,49.24557207299669,49.24557207299669,5430900
2022-01-04,51.60773849487305,51.87996020120691,50.85254560294256,51.02817240219658,7552600
2022-01-05,51.33551788330078,52.064367943317244,51.28283218726282,51.97655286691623,6527200
2022-01-06,52.73175048828125,52.74931350513129,51.75702482682321,52.27512209958907,5783200
2022-01-07,53.56597900390625,53.71525963256899,52.40684661147811,52.60003646015052,7040100
2022-01-10,53.88209915161133,54.444102251790405,53.35521873284141,54.444102251790405,7635500
2022-01-11,54.549476623535156,54.610945502835285,53.55719137208864,54.145537316762095,6316800
2022-01-12,54.8743896484375,54.962201379686995,54.42654110957773,54.74266870176043,5649600
2022-01-13,55.489078521728516,55.822769130452066,54.97098126731675,55.12026523035208,6612600
2022-01-14,55.54176712036133,55.56810996958824,54.29482312651311,54.689979264127984,7236700
2022-01-18,54.6109504699707,55.805208833230125,54.40898079821403,55.58567614438988,7624500
2022-01-19,50.37835693359375,52.27511909701359,50.308108220031485,51.12477003273474,13764600
2022-01-20,50.00075912475586,51.22136356942346,48.73625216636824,49.68463489751095,13476700
2022-01-21,48.38500213623047,49.851482204900634,48.358659286129566,49.746107454694126,13354000
2022-01-24,49.88660430908203,50.11491680818101,47.13805438833727,47.70005747824489,15290400
2022-01-25,50.413482666015625,50.75595309838029,48.81528508177873,49.61438387389718,8466200
2022-01-26,50.54521179199219,51.388216585027244,49.772455723475076,50.931588151349104,7507100
2022-01-27,50.4398307800293,51.58140347348155,50.035891425320116,51.19502378653965,7130000
2022-01-28,51.00183868408203,51.036961370377746,49.61439040640449,50.360800249588415,6843800
2022-01-31,51.09842300415039,51.19501791480706,49.80757318390973,50.50129387445705,9476100
2022-02-01,52.04680633544922,52.09071219993567,50.69448427052899,51.05451771900227,6341700
2022-02-02,52.48587417602539,52.643937975535955,51.581400595339424,51.77458707822786,7702200
2022-02-03,51.941429138183594,52.76687074088301,51.792145186215166,52.6263699712788,4809300
2022-02-04,52.42440414428711,52.89859553242968,51.79214896009702,52.03802448736969,5307300
2022-02-07,52.319034576416016,52.643942033878126,51.90631202923228,52.433189168349394,5853100
2022-02-08,52.319034576416016,53.126913303036005,51.80971710544007,52.86347473347745,11056100
2022-02-09,52.46831130981445,52.670280976478395,52.18730974316872,52.41562225989229,5928600
2022-02-10,51.994117736816406,52.89859463209475,51.81849092755246,52.39805705326154,6952800
2022-02-11,51.414554595947266,52.61759278207236,51.10721017424475,51.677993150235565,7330400
2022-02-14,50.817420959472656,51.68677179710526,50.2817607145458,51.37064421978431,7279600
2022-02-15,51.46724319458008,51.77458761358254,51.08964670848967,51.32674241020711,4244700
2022-02-16,51.45845031738281,51.88873577273062,50.966699339616525,50.966699339616525,3994100
2022-02-17,50.1676025390625,51.12476503512739,50.06222445431601,50.984264271934485,4721800
2022-02-18,50.141258239746094,50.71204449607313,49.96563479146321,50.00075747123825,6264900
2022-02-22,50.755958557128906,51.13355506157766,49.912953809905076,50.3168931658911,7458300
2022-02-23,49.74610900878906,51.20380593976288,49.56169900291295,51.16867990532905,8561100
2022-02-24,48.58698272705078,48.718700347891144,47.217097361608324,48.06888537888377,11719500
2022-02-25,50.352020263671875,50.44861518775103,48.982135008173486,48.982135008173486,10009500
2022-02-28,49.649505615234375,49.78122319717626,48.67478009977319,48.780154835287185,9501500
2022-03-01,47.29612350463867,49.29826057545269,47.0239017617566,48.982132964312996,13167700
2022-03-02,49.377288818359375,49.63194752510232,47.91959199155196,47.91959199155196,9063200
2022-03-03,49.447540283203125,49.99198037221467,49.12262951654864,49.6056040751424,8283000
2022-03-04,48.5167236328125,48.55184966654462,47.70006177245694,48.22693887922694,7772000
2022-03-07,46.62873458862305,48.262058078020665,46.6199547563349,48.174246355929334,10401800
2022-03-08,46.76046371459961,48.060096858118214,46.417993248714694,47.243434970329695,9850200
2022-03-09,47.86690139770508,48.76259508401548,47.58589985099625,48.31474991576162,7817800
2022-03-10,46.53214645385742,47.64736947554469,46.04917189745421,47.243430164555384,10672200
2022-03-11,46.233585357666016,47.603467184688256,46.19845932369032,46.839494369633314,7434500
2022-03-14,47.375152587890625,47.98984475632294,46.70777137080314,46.84827215074743,9175200
2022-03-15,47.77031326293945,48.007405613260225,46.94486822921932,47.87568801306012,7606400
2022-03-16,49.42119216918945,49.473881214394645,48.455249789045844,48.57818754472202,9093800
2022-03-17,49.74610900878906,49.76366867620296,48.30597174522914,48.74503712624298,6955700
2022-03-18,49.64073181152344,49.81635863709509,48.859195955022805,49.73732673307801,18475700
2022-03-21,49.31582260131836,49.974420661351886,48.86797739440886,49.324602434872176,8431200
2022-03-22,50.07101058959961,50.73838841667898,49.84269474231796,50.22029119375846,4754000
2022-03-23,49.04359436035156,49.983193866750376,48.99968849879884,49.67584948607881,6456400
2022-03-24,49.21923065185547,49.39485748175122,48.85041732389724,49.01726096990647,6459900
2022-03-25,50.1588249206543,50.22029380200659,49.263131199774406,49.4299781775616,4079600
2022-03-28,49.79879379272461,50.009546645639894,49.052383998680426,49.7900139591795,6882500
2022-03-29,49.939292907714844,50.86132949004797,49.64072833012286,50.668143010290464,6182800
2022-03-30,48.85038375854492,50.24029110121972,48.56709075730668,50.18717239706794,7908500
2022-03-31,47.05324172973633,49.00088021023419,47.04438692408525,48.70873578900706,9511300
2022-04-01,46.83192443847656,47.61097857249159,46.451248801054085,47.487038295585535,7514600
2022-04-04,46.61945724487305,47.07095449163657,45.964339950714674,46.51322319453803,5616800
2022-04-05,46.92045211791992,47.540156877920076,46.203364747147276,46.25648345587389,7370000
2022-04-06,46.893890380859375,47.15947714719609,46.5220662062928,46.619448808610684,8299100
2022-04-07,46.54862594604492,47.20373972622619,46.035155285307134,47.08865089241964,8656100
2022-04-08,46.25647735595703,46.56632800653697,45.27380332537663,46.22106488814252,9974800
2022-04-11,45.78728485107422,46.82307445224094,45.76957861296202,45.98204671606922,8520700
2022-04-12,44.990509033203125,46.176799653658186,44.73377371466673,45.40659707516772,7387600
2022-04-13,44.80460739135742,44.99937261958006,44.06981375914974,44.45934421559501,10788100
2022-04-14,46.66371154785156,47.23029753586296,45.53053957182877,45.97318529710253,10824100
2022-04-18,46.69027328491211,47.5844161773827,46.36271301179334,46.57518444902933,8468000
2022-04-19,46.814212799072266,47.21259462680439,46.40697616565783,47.0001231929743,7707000
2022-04-20,46.96471405029297,47.566712548803444,46.84077377891477,47.31883200604705,7978800
2022-04-21,46.60174560546875,47.69950858875685,46.37157129356856,47.45162466388066,6745000
2022-04-22,44.999366760253906,46.56632968050904,44.93739325079128,46.54862682308421,6300900
2022-04-25,45.008216857910156,45.123305690481544,43.78651372747229,44.69836620535507,8400700
2022-04-26,44.291133880615234,45.211837876407564,44.20260607903177,44.32654635209629,6488100
2022-04-27,43.945865631103516,44.361953679963996,43.66257264634027,44.078660695200746,7795500
2022-04-28,44.29998779296875,44.49474962794546,43.73340176918361,44.37966416363348,8219200
2022-04-29,42.98976135253906,44.521315416737416,42.86581769164117,44.37966889568784,8803500
2022-05-02,43.246490478515625,43.60060844618513,42.36119893646111,43.43240426895769,8139900
2022-05-03,43.79537582397461,44.12293276508059,43.34387522409398,43.74225711307118,5843000
2022-05-04,44.73377990722656,44.80460485060736,43.246489867421566,43.6183140659324,8092600
2022-05-05,43.59175491333008,44.21145626117135,42.97205018836974,44.16719236162827,6861000
2022-05-06,43.63602066040039,43.81307964318837,42.64449170763539,43.45011024817666,7779100
2022-05-09,43.76881408691406,44.38851886249719,43.042875268325616,43.095993978387945,9513400
2022-05-10,43.697994232177734,45.079046976803205,42.88352419818883,44.105227560612455,9607800
2022-05-11,42.90122604370117,44.397370866708556,42.839255907766805,43.74225365910641,7711400
2022-05-12,43.016319274902344,43.28190608130486,42.210704048447006,42.70646856361932,7743600
2022-05-13,43.02516555786133,43.42354740836578,42.58251980777173,43.335019609195484,5588900
2022-05-16,42.73302459716797,43.19337661998589,42.23726010095189,42.989759963625545,5956500
2022-05-17,43.95472717285156,44.01669731169592,43.308461364127325,43.5386390602229,5589800
2022-05-18,43.467811584472656,43.80422330227418,43.264194943390414,43.73340173791123,6481700
2022-05-19,43.59175491333008,43.98128195727589,42.85696134786248,42.91008005358562,7078400
2022-05-20,43.5651969909668,44.15834409409156,42.5382589132958,43.78651988164692,8463600
2022-05-23,44.92854309082031,45.37118883555746,44.13177939944584,44.57442514418299,6472100
2022-05-24,45.18528366088867,45.34463641759953,44.043256696833964,44.80460800620377,7000300
2022-05-25,45.31807327270508,45.610221105505765,44.671810845832375,45.00822258075216,7374700
2022-05-26,46.15909957885742,46.389277266572556,45.64563225039602,45.74301148137794,5799100
2022-05-27,46.477806091308594,46.513218563601065,46.00860265335068,46.353865815404184,5645900
2022-05-31,46.982421875,47.248008662239634,45.707603269978215,45.97319005721785,10600500
2022-06-01,45.81383514404297,47.10635992407165,45.610218504212625,47.10635992407165,8293200
2022-06-02,46.194515228271484,46.28304303602492,45.28266597535742,45.787281909214656,7882500
2022-06-03,45.98204803466797,46.29190214483757,45.84925631069788,46.10599170500763,8820500
2022-06-06,46.25647735595703,47.11521112630545,46.097124627910546,46.41583008400352,5009200
2022-06-07,46.53091812133789,46.62829734048685,45.813830857372785,45.964328777336526,5080000
2022-06-08,45.89352035522461,46.43354881482081,45.645639768047225,46.132549511625534,4409100
2022-06-09,44.556724548339844,45.72530910360376,44.556724548339844,45.66333896636395,5307600
2022-06-10,43.13139343261719,43.795361910941374,42.83924568113775,43.733391789800585,8450500
2022-06-13,41.66182327270508,42.635642666919715,41.45820661308272,42.45858367421176,10676800
2022-06-14,40.475528717041016,42.38775823406788,40.44896767543182,41.83887506906566,13689800
2022-06-15,41.04212188720703,41.67067815513395,40.457829526844606,41.0244156487573,11557100
2022-06-16,40.20109558105469,40.45783098213116,39.65221567784826,40.4224185039579,8390400
2022-06-17,40.20109558105469,40.89162201983438,40.08600671555148,40.20994701203811,19038700
2022-06-21,41.01555633544922,41.36081947606482,40.70570228780826,41.139496603657996,7722300
2022-06-22,41.16606140136719,41.32541416728399,40.457828762358986,40.63488776639094,5875900
2022-06-23,40.475528717041016,41.219173716835854,39.75844138173628,40.971289798824856,6328900
2022-06-24,42.06904983520508,42.246108799475444,40.617172407002016,40.69684877206774,6925000
2022-06-27,41.83002853393555,42.29923200612474,41.57329315676356,42.21955562621341,7078400
2022-06-28,41.51131820678711,42.67105129627008,41.343114036285236,42.24611177832922,6401600
2022-06-29,41.234161376953125,41.86894834140462,41.0285274120607,41.58284520483932,4975300
2022-06-30,41.14475631713867,41.50237926781827,40.07188064394439,40.474209447714465,6233200
2022-07-01,41.65437316894531,41.78848391190319,40.57255833242172,41.00170793507791,5398000
2022-07-05,41.53814697265625,41.55602863366527,40.420568738928445,40.81395845997062,4883600
2022-07-06,41.57390213012695,41.90470426738349,41.01958439002028,41.30568408882227,5701700
2022-07-07,41.80636215209961,42.23551516524136,41.7169572638655,41.922591235266246,3679900
2022-07-08,41.60072326660156,42.110338572608846,41.43085263479163,41.98517037963547,3546700
2022-07-11,41.43979263305664,41.57390336297467,41.091108827962806,41.19839877612824,4641300
2022-07-12,41.305686950683594,41.86894726385309,40.912297279641805,41.01064469740225,4137100
2022-07-13,40.5189094543457,40.97488320806586,39.91094672310386,40.92123823392892,5460300
2022-07-14,39.56226348876953,39.75001578509286,39.115232262907725,39.544381830465746,7298300
2022-07-15,41.6364860534668,42.02987228504431,40.170224250540905,40.67983955008033,8608200
2022-07-18,41.73483657836914,42.54843329366039,41.582844184218814,42.03881795609212,7435000
2022-07-19,42.43219757080078,42.655713154394014,41.985166403614315,42.298090266991125,5684000
2022-07-20,42.065635681152344,42.29809381752522,41.58284116152631,42.10139899606777,6130600
2022-07-21,42.566314697265625,42.61995626263906,41.797420428188346,41.99411526276467,6619400
2022-07-22,42.65571975708008,42.86135371654671,42.29809681432068,42.44114667353997,5009100
2022-07-25,42.9597053527832,43.36203418715072,42.61102149985736,43.13851854701076,4054100
2022-07-26,42.396446228027344,43.21004645615207,42.21763643913384,42.6378435357273,4995000
2022-07-27,43.102752685546875,43.26368420980848,42.24445349653686,42.65572143161527,5456900
2022-07-28,41.234161376953125,43.29050443645519,40.96594331016203,43.022286369664094,13267900
2022-07-29,42.19974899291992,42.548432808270164,41.21627823594018,41.350388969803035,7705100
2022-08-01,42.476905822753906,42.63783733782729,41.56496511810816,41.88682473767734,7322900
2022-08-02,41.958351135253906,42.41432148501161,41.69907220569679,42.34279826236892,6532800
2022-08-03,42.611019134521484,42.76301153488012,42.029877138185576,42.36962184730093,5691100
2022-08-04,42.083518981933594,42.86135235354206,42.07457985814439,42.557370986045555,6531300
2022-08-05,42.3696174621582,42.78982789018975,41.895765471792394,42.01199454114574,4061100
2022-08-08,41.97623062133789,42.82559058869855,41.770596677337295,42.789827273939125,5316000
2022-08-09,42.18186569213867,42.31597642078031,41.895765987575516,42.25338891299071,3947700
2022-08-10,42.79877471923828,42.93288547037425,42.40538841212581,42.664667378680385,6098100
2022-08-11,43.308387756347656,43.63025081307018,43.004406359507264,43.25474618727917,6171600
2022-08-12,43.60342788696289,43.728596089412285,43.20109908582003,43.415675583288795,6432000
2022-08-15,43.88058853149414,44.00575673407428,43.06698839356773,43.19216000672561,4947700
2022-08-16,44.077274322509766,44.41701897933262,43.53189572909283,43.58554069929979,4790100
2022-08-17,43.835880279541016,44.148804179443,43.46931481608487,43.54084144826047,5553200
2022-08-18,43.81800079345703,43.84482498714127,43.37096955193376,43.63024849055591,5400400
2022-08-19,43.46038055419922,43.567667103887075,43.15639915460201,43.433559769421734,7197200
2022-08-22,42.557369232177734,42.807709025466906,42.33385363030584,42.79876649146867,5816700
2022-08-23,42.38750457763672,42.80771505977483,42.271275493317646,42.58419942639548,4411500
2022-08-24,42.19081115722656,42.32492190602559,41.85106983860427,42.110345390062754,4620800
2022-08-25,42.70042419433594,42.870298254870576,41.96729320524975,42.3070379157412,5296700
2022-08-26,41.564964294433594,42.968642050975085,41.547082636382285,42.84347044461589,5070200
2022-08-29,41.21627426147461,41.50237394958777,40.965937887019926,41.35932410553119,3650000
2022-08-30,41.046409606933594,41.466620077089516,40.79607319607192,41.4397958826559,5105500
2022-08-31,40.77819061279297,41.25204263992516,40.71560651149542,41.22522185667699,6239800
2022-09-01,41.01063919067383,41.037463380465184,40.24174502114789,40.72453951046565,4920600
2022-09-02,40.72454071044922,41.80635537127407,40.554670086125604,41.47555324576922,5980400
2022-09-06,40.5189094543457,40.983822331799914,40.0539965768915,40.983822331799914,5331500
2022-09-07,41.046409606933594,41.18945947179424,40.20599207719956,40.295396963770784,6431900
2022-09-08,42.065635681152344,42.08351733861006,40.617255532851665,40.849710258647114,7275500
2022-09-09,42.53949737548828,42.69148637051532,42.181870994540745,42.21763431475109,6730400
2022-09-12,42.521610260009766,42.959698939358425,42.37856040809913,42.771946648208996,7251000
2022-09-13,40.39374542236328,41.806362447805604,40.25069555383016,41.78848419849462,8109500
2022-09-14,40.32221984863281,40.670907109815815,39.73213869901402,40.58149880800813,6664300
2022-09-15,41.01063919067383,41.22521565611857,40.366916615494034,40.4742031429278,12610800
2022-09-16,41.01063919067383,41.19839487690444,40.39373739470817,40.787123602350114,20653500
2022-09-19,41.260982513427734,41.48449812095318,40.366920083325965,40.50996993571915,9303700
2022-09-20,40.223873138427734,40.96594323555082,39.86624677630578,40.88547747460227,8930300
2022-09-21,39.276161193847656,40.61725478322854,39.26721865999513,40.28645265280959,7051600
2022-09-22,38.47150802612305,39.52650204190813,38.44468724268745,39.40133383843833,6923700
2022-09-23,37.65790939331055,38.3463378882439,37.148294070275576,38.104940617767724,8185500
2022-09-26,36.710208892822266,37.69367631649943,36.43304827933097,37.30029002914414,16533100
2022-09-27,36.62080001831055,37.148297041787885,36.3436428197468,37.11253372243196,9556400
2022-09-28,37.03207015991211,37.30923078552482,36.486694854924096,36.585038873130486,11278100
2022-09-29,36.84210968017578,37.167746363715366,36.46220251642268,36.65215609829923,7888900
2022-09-30,36.471248626708984,37.27629300327564,36.42602207363897,36.88733843585683,9457900
2022-10-03,37.601932525634766,37.764750889346615,36.516477917744126,36.941615139721186,8790300
2022-10-04,38.56074905395508,38.69642871510032,37.99088481556346,38.16274709990671,14653400
2022-10-05,38.17179489135742,38.35270455872749,37.84615818020429,37.99992915460165,6552600
2022-10-06,37.15871047973633,38.04516417099944,37.14061916555969,37.77379790891523,8528700
2022-10-07,36.362709045410156,37.02302646963503,36.15466411316659,36.9235259693087,8696600
2022-10-10,36.02802276611328,36.715475328795755,35.8832922786383,36.543613050766325,6396100
2022-10-11,35.08729553222656,35.77474809944105,34.951612424606644,35.76570416919661,8990600
2022-10-12,35.37675094604492,35.7114315867843,34.90638719255355,35.06015816647857,10853700
2022-10-13,37.4210205078125,37.547656238205946,34.725477194724554,34.90638685981442,15853300
2022-10-14,38.67833709716797,39.15774822433248,37.692383051502624,38.12656762531025,19272100
2022-10-17,38.569793701171875,39.93565842247571,38.235113056783455,39.691430887198244,21456500
2022-10-18,38.714515686035156,39.49242474474901,38.28033460803394,39.27533248046616,16113000
2022-10-19,37.32151794433594,38.58788207898784,37.18583829098623,38.31651932172377,10203600
2022-10-20,36.19084548950195,37.683346183969306,36.10039236583474,37.4572099242358,10508000
2022-10-21,36.64311218261719,36.814977921049454,35.7928412234181,36.0551600711353,12851600
2022-10-24,37.20393371582031,37.5567056843321,36.588842891032826,36.80593174062544,9553700
2022-10-25,37.99993133544922,38.072296586776304,36.688343935514204,36.778797049107965,13055400
2022-10-26,38.343658447265625,38.55170336393271,37.945659926324026,37.99088648202296,10211800
2022-10-27,38.06324768066406,38.86829201834819,38.00897374926251,38.62406450288818,7810200
2022-10-28,38.76879119873047,38.83210905953236,37.97279079792367,38.13560914014699,7775500
2022-10-31,38.39793014526367,38.859246507395056,38.3707914529749,38.46124800966279,11723800
2022-11-01,38.78688430786133,39.040155762814855,38.27129401709749,38.71451906326616,8043500
2022-11-02,37.76475143432617,39.03111573690089,37.74666012136766,38.51552539456129,9264600
2022-11-03,37.53861999511719,37.80998282304107,36.697392813157265,37.249165851922974,12857000
2022-11-04,38.741661071777344,38.7959315593048,37.97279580967598,37.97279580967598,13759400
2022-11-07,39.37483596801758,39.43815383107311,38.67833602384201,39.07633796369362,12207000
2022-11-08,39.95375061035156,40.12561636706423,39.32057187687951,39.57384337026833,12794700
2022-11-09,39.11252212524414,39.69143029629153,39.040156878580774,39.610021119077686,9423000
2022-11-10,40.58692932128906,40.72261243860259,39.71856703206453,39.799976212339644,14064600
2022-11-11,40.63215255737305,40.749744352733615,40.1979714482318,40.1979714482318,10692700
2022-11-14,39.66428756713867,40.75878938287013,39.628108398053584,40.668332833746085,8209800
2022-11-15,39.59193801879883,40.27939075185441,39.18489204830808,40.24321157158403,11171700
2022-11-16,38.83211135864258,39.62811180657771,38.73261087133008,39.58288180284306,9896200
2022-11-17,38.6873893737793,38.74166331501442,38.2893908230842,38.38888787283401,6376600
2022-11-18,39.239158630371094,39.338659121213524,38.795930112227076,39.20297600632567,6159700
2022-11-21,39.248199462890625,39.655245324857475,39.13060766930805,39.230108152296026,9331900
2022-11-22,39.71856689453125,39.75474951909824,39.302477063705915,39.38388624369913,6999000
2022-11-23,39.89948272705078,39.94470928945973,39.637163834287115,39.73666434192613,6225700
2022-11-25,40.03515625,40.1527480546099,39.85425002821861,40.02611231913693,2564600
2022-11-28,39.56479263305664,40.06229160259492,39.47433607914486,39.790928841989015,6790600
2022-11-29,40.333656311035156,40.36079155323677,39.52861192044823,39.61906502816355,7854200
2022-11-30,41.05729293823242,41.17488474276344,39.546704593868256,40.19797458308733,11688600
2022-12-01,41.02111053466797,41.19297627696188,40.56883807695139,41.0572931594209,8492700
2022-12-02,41.28342819213867,41.36483737019152,40.77688526253422,40.84924705937846,10786800
2022-12-05,39.71856689453125,41.32865573154712,39.45624804226811,41.28342917612089,13725400
2022-12-06,38.84115219116211,39.854244844300986,38.19892621590474,39.763788294611146,9642300
2022-12-07,39.4019775390625,39.70952294661981,38.416023448708025,38.67833885029353,10132800
2022-12-08,39.4019775390625,39.50147458073148,38.922566390168306,39.456248025324676,6989000
2022-12-09,38.994930267333984,39.61906499134538,38.92256502077707,39.22106648697701,9097600
2022-12-12,39.311519622802734,39.44720273491181,38.54265785569096,39.07633947245386,10695700
2022-12-13,40.0261116027832,40.65024633811475,39.71856620046803,40.270339138495096,15543000
2022-12-14,39.15774917602539,40.035155374280954,38.87733901749387,39.87234046835208,11240400
2022-12-15,38.750701904296875,38.93161156624118,38.3617473388143,38.57883962326043,10229200
2022-12-16,38.12657165527344,38.7145238121889,37.837117542516395,38.44316101279983,19310900
2022-12-19,37.94565963745117,38.587885694955865,37.6290668488388,38.08133930351506,11789100
2022-12-20,37.927574157714844,38.24416354444748,37.81902971805873,38.09039254248178,14209000
2022-12-21,38.633113861083984,38.895432723868964,38.13561483031032,38.17179745632862,9456300
2022-12-22,38.75975036621094,38.75975036621094,38.217024767490415,38.42506969535212,12427700
2022-12-23,39.07634353637695,39.15775272199595,38.6512062947483,38.74166286241675,6931000
2022-12-27,39.4833869934082,39.573840104850426,39.003975841182374,39.2120207579515,7504200
2022-12-28,39.21202087402344,39.63715809030338,38.967796782293505,39.546704978593404,6379600
2022-12-29,39.85228729248047,39.907168907882934,39.17543148184643,39.30348509525291,5956300
2022-12-30,39.888877868652344,40.06266442930209,39.587034196303314,39.6967974349027,5737900
2023-01-03,40.83099365234375,41.18771548972903,40.31877911218021,40.42853887232956,12795900
2023-01-04,42.102386474609375,42.44081791163714,41.26088920126402,41.26088920126402,16338400
2023-01-05,41.773101806640625,42.074945481650865,41.215154373572446,41.94689185802211,8364000
2023-01-06,42.358497619628906,42.52313899886061,41.54443591600558,42.07494780224103,8198300
2023-01-09,42.63289260864258,42.80667915535364,42.184701476641386,42.44995738151558,13170700
2023-01-10,42.678627014160156,42.89814999211887,42.03835544174656,42.76094769474475,13631800
2023-01-11,43.09022903442383,43.29145813366242,42.73350725973669,42.907293806861404,8704900
2023-01-12,43.52927780151367,43.93173256917264,43.26402185752947,43.40122417040399,8934000
2023-01-13,43.29146194458008,43.355488756483275,42.46825509268247,42.87070983738821,8150600
2023-01-17,43.39207458496094,43.66647920499526,42.815833256968105,43.52013170260347,10150000
2023-01-18,41.90115737915039,43.25487254791856,41.855420953078955,43.017055693465025,8376700
2023-01-19,41.736515045166016,42.020061340703,41.08709479555696,41.526140749083964,9136600
2023-01-20,42.495697021484375,42.504845703343896,41.48040966546444,41.846280177449934,8030400
2023-01-23,43.602447509765625,43.620741383130614,42.56886983364073,42.696923457996064,8136000
2023-01-24,42.687774658203125,43.72135582065815,42.4956942222034,43.67562288197243,12459200
2023-01-25,44.9561653137207,45.44094073586581,42.87985783308486,42.907296897976245,12238500
2023-01-26,44.54456329345703,45.687904222502645,44.20613535543542,45.44094216312484,8316100
2023-01-27,44.69091033935547,44.71834940483028,44.06893260112952,44.47138734795825,6568200
2023-01-30,44.636024475097656,45.12994854187814,44.39821112212885,44.42565018499469,5943200
2023-01-31,45.55070114135742,45.559849822586116,44.4439479782547,44.67261616017838,7714000
2023-02-01,45.02019500732422,45.66961183879995,44.81896588070368,45.0384888814897,7611100
2023-02-02,44.9561653137207,45.413501670974426,44.76408139188252,45.248860303227126,6819800
2023-02-03,45.09336471557617,45.38605970890052,44.5537076674095,44.65432222558966,6579400
2023-02-06,44.773231506347656,44.93787287936578,44.50797557324072,44.764082824957974,4997600
2023-02-07,45.431793212890625,45.550701645783604,44.48968140947602,44.50797528293644,5809100
2023-02-08,44.88298797607422,45.43179018653114,44.773228231822706,44.93786959279966,5810000
2023-02-09,44.60859298706055,45.27630371403834,44.41651253598471,45.17568914751295,5870500
2023-02-10,44.54456329345703,44.7183498585601,44.215280547619955,44.453093925613615,5357300
2023-02-13,44.90128707885742,44.910432271443966,44.47138975409459,44.51712269542686,4906200
2023-02-14,44.93787384033203,45.084221342899944,44.6085910872543,44.91043128477576,4889500
2023-02-15,44.89213562011719,44.91957468324659,44.50797129030922,44.681757838794205,4227900
2023-02-16,44.4073600769043,44.76408188118953,44.27016126174819,44.62688306603343,4900000
2023-02-17,44.453094482421875,44.517121296114446,44.08722747406429,44.288453107441086,5191900
2023-02-21,43.6207389831543,44.14210213317292,43.29145974829994,44.08722400529688,5793100
2023-02-22,43.483543395996094,43.78538358927602,43.30060814805693,43.6298908965075,4583300
2023-02-23,43.6481819152832,44.004903706372325,43.27316625167676,43.78538072536395,4319300
2023-02-24,43.575008392333984,43.63903520443527,43.017057467566055,43.181698838454935,4141500
2023-02-27,43.52013397216797,44.12381788716602,43.428664597653196,43.840268059970015,4260200
2023-02-28,43.65732955932617,43.95002455764609,43.52013074153849,43.629890493608556,6209100
2023-03-01,43.27317428588867,43.40122792808525,42.89815855265582,43.16341103040584,7123400
2023-03-02,42.358497619628906,43.15426195978232,41.983481920089964,43.15426195978232,6437000
2023-03-03,43.09022903442383,43.135961969014616,42.42251841964035,42.550572032174266,4566900
2023-03-06,43.09938049316406,43.501838750166634,42.989620736345074,43.15426211617344,5604200
2023-03-07,41.709075927734375,42.815832604993886,41.59017098267645,42.79753873132352,6072200
2023-03-08,41.608463287353516,42.093238709139335,41.37979510889613,41.66334141709561,4651200
2023-03-09,38.69065475463867,41.343206996942286,38.571746325917616,41.26088631385839,10961800
2023-03-10,37.15400314331055,38.471134030588495,36.23933046678947,37.39181999315767,23573700
2023-03-13,33.42213821411133,35.12342983753558,33.04712258125323,34.80329232853044,36746000
2023-03-14,34.30937576293945,36.29421758630944,33.75142827659478,35.781999553684955,28999400
2023-03-15,32.41600036621094,33.82459721090938,32.15989311779288,33.202619474008756,33125800
2023-03-16,33.25749969482422,33.422141058794594,29.9280916486668,32.19647950990373,51459200
2023-03-17,30.13846778869629,32.57149716238105,30.065292293933013,32.47088260168136,56442900
2023-03-20,31.510475158691406,32.361121047365586,30.925085189969266,31.58364716018195,43046500
2023-03-21,34.31852340698242,34.62036361248478,32.745285095879886,32.928220351226656,34821400
2023-03-22,31.821460723876953,34.327661704358505,31.803166853096908,34.300222642787986,28376900
2023-03-23,32.06842803955078,33.010539860455324,31.757439163349332,32.04098548425089,26061900
2023-03-24,31.922077178955078,31.95866143350548,31.108015581921226,31.409859234057254,18619300
2023-03-27,31.894634246826172,33.93435383239753,31.830607440626117,33.541044314769046,19966700
2023-03-28,32.52576446533203,32.58064259761414,31.53791621385821,31.803172150553923,15681700
2023-03-29,33.12944412231445,33.22090999059327,32.69040167401753,32.98309663954881,14776400
2023-03-30,32.86063003540039,33.8524738535356,32.591811626656266,33.537308296815766,13539900
2023-03-31,33.416805267333984,33.42607681922704,32.53619524872598,33.19433752675446,15541700
2023-04-03,33.036746978759766,33.77831187299617,32.9533207071544,33.55584417275542,12209800
2023-04-04,32.49911880493164,33.67635480443226,31.99856109754192,33.5465778337283,12238700
2023-04-05,32.54546356201172,32.68450500202263,31.961479612996133,32.28591671180951,12734700
2023-04-06,33.13871765136719,33.60219621991778,32.62889193317371,32.675239082816596,12008400
2023-04-10,33.008949279785156,33.59293335580848,32.888443843385744,33.185069889860145,10547700
2023-04-11,32.934783935546875,33.222141903456844,32.86062920786534,33.03674978016205,11927800
2023-04-12,32.81428527832031,33.3982657502732,32.415693411777944,33.16652645744907,11586300
2023-04-13,32.79574203491211,32.805010049719506,32.193218526674144,32.74939488875394,12799100
2023-04-14,32.41569137573242,33.648542497369064,32.32299354278857,33.55584820048598,16186300
2023-04-17,32.99040222167969,33.00894178738388,31.460921643659173,32.25810528863663,22419300
2023-04-18,32.6196174621582,33.00894126364793,32.10052377491929,32.99966971291264,19052200
2023-04-19,33.37972640991211,33.4816922652191,32.165414770320496,32.91624782110651,20970200
2023-04-20,32.22102737426758,32.86063003900906,31.637046944800215,32.86063003900906,21609500
2023-04-21,31.071603775024414,31.83170834737736,30.228072918580978,31.78536119756284,28303000
2023-04-24,30.39492416381836,30.969636575837903,30.172452903906528,30.8398631475813,16238100
2023-04-25,29.44942855834961,30.533966707335846,29.013757574024794,30.033412542605728,22540100
2023-04-26,29.217687606811523,29.71824527902387,28.97667855367562,29.36600059827511,17133300
2023-04-27,30.19099235534668,30.357844915630423,29.18060897854434,29.29184460807695,19428200
2023-04-28,31.776090621948242,31.998561898376245,29.61628225691855,29.848021549169772,25215200
2023-05-01,30.533966064453125,31.82243942330017,30.52469804917917,31.748281156865477,19095200
2023-05-02,28.39269256591797,30.533962773588954,28.188762659292703,30.533962773588954,28994600
2023-05-03,27.623319625854492,28.846904427766635,27.493546203482257,28.54100866929617,23759800
2023-05-04,26.863216400146484,27.53062664533744,25.278120603878694,26.418277415372756,48099600
2023-05-05,28.494659423828125,29.02302465794118,27.465736535483593,28.439042496034713,28222000
2023-05-08,27.567703247070312,29.291843975387934,27.51208631752048,29.208417697048027,22304300
2023-05-09,27.725284576416016,28.04045010749641,26.891023604509773,27.252536279795425,18209200
2023-05-10,27.298887252807617,28.411234709976316,26.78905978791207,28.364887562272337,14492700
2023-05-11,26.807600021362305,27.15057493421052,26.446087309789363,26.881756520352404,16413400
2023-05-12,27.002260208129883,27.196922123285756,26.640747496022346,27.10422605740345,16869300
2023-05-15,27.484277725219727,27.614052921781745,26.94664267669241,27.030068957328577,12671600
2023-05-16,26.585128784179688,27.576972556259467,26.575859001408904,27.345233291080817,14997200
2023-05-17,28.225841522216797,28.272188665275667,26.816866449652863,26.881753157147358,22429700
2023-05-18,28.26291847229004,28.32780517884148,27.706743923516015,28.031179224303376,13204600
2023-05-19,27.91067886352539,28.633704270420015,27.576973741555342,28.42050456161931,14999500
2023-05-22,28.652240753173828,28.80982351403042,27.873596731062452,28.30926765297606,11974600
2023-05-23,28.865442276000977,29.75532020474207,28.73566885340047,28.73566885340047,13952200
2023-05-24,28.55954360961914,28.967405169453475,28.17949139523832,28.578083173254814,11120700
2023-05-25,28.281457901000977,28.578083854118383,27.957022601767513,28.32780504316427,11948300
2023-05-26,28.429771423339844,28.541007041909385,28.07752853925828,28.34634515142023,9267000
2023-05-30,28.420499801635742,28.81909157100208,27.808708359176272,28.61516167952561,12907300
2023-05-31,27.71601676940918,28.123878386000374,27.252538222201565,27.947756043012983,31032900
2023-06-01,28.290729522705078,28.36488601580661,27.18765014079325,27.901407491914448,12319400
2023-06-02,29.42161750793457,29.653356777941642,28.50393021087019,28.735669480877267,13742900
2023-06-05,28.939599990844727,29.5421235195473,28.754209631885004,29.5421235195473,10644900
2023-06-06,30.24660873413086,30.404189731167108,28.85617142776013,28.948867483922207,13876500
2023-06-07,30.830591201782227,30.96036816443852,30.051947106147825,30.348576627587253,13860500
2023-06-08,30.645200729370117,30.839860857298834,30.126103518833073,30.68227632321812,12063700
2023-06-09,30.459810256958008,30.923288797602993,30.30222571438718,30.5895836825689,10586200
2023-06-12,29.810941696166992,30.914019427748357,29.217689688053962,30.320767419635324,15560400
2023-06-13,30.31149673461914,30.87694111007441,29.43088681560162,29.736784344379945,20543600
2023-06-14,29.755319595336914,30.997442171454722,29.5606594654229,30.589582346483386,17832200
2023-06-15,30.858402252197266,30.978904127454992,29.616279615088057,29.84801888666768,16315500
2023-06-16,31.0067138671875,31.155026852967683,30.58958248966183,31.04379299764767,30115200
2023-06-20,31.127220153808594,31.22918246136804,30.28368582424656,30.62666248661594,19540400
2023-06-21,30.988176345825195,31.349689051504676,30.784244650904157,31.201376055942305,13570700
2023-06-22,29.875823974609375,31.034520235815418,29.792397702360123,31.00671265708579,13292400
2023-06-23,29.551393508911133,30.135375742292407,29.505046358082474,29.653359362370747,20700200
2023-06-26,29.959251403808594,30.144643519973005,29.542121794484046,29.542121794484046,11249000
2023-06-27,30.172452926635742,30.302226354990104,29.514314233661068,29.93144563627203,9776300
2023-06-28,29.959251403808594,30.19099066499898,29.61627828734376,30.19099066499898,11215400
2023-06-29,30.824909210205078,30.824909210205078,30.138029760698654,30.279170897863192,12479700
2023-06-30,31.0883731842041,31.521200750978092,30.909593927525226,31.248329793476454,15127500
2023-07-03,31.596477508544922,31.784660913319723,31.18246540355628,31.201284461907434,6483800
2023-07-05,31.549421310424805,31.747019586104237,31.069547988043553,31.361237945956926,10355100
2023-07-06,31.04132652282715,31.107191429556,30.156848764979934,31.05073425691632,12008400
2023-07-07,31.558835983276367,31.803476536681806,30.90018336959837,30.91900242591694,9050900
2023-07-10,31.74702262878418,31.831706586657997,31.191873035915368,31.257737937665233,11720200
2023-07-11,32.85731887817383,33.10196302327943,32.05752871853415,32.471537193385466,15975800
2023-07-12,33.03609848022461,34.0805327963514,33.00787168985406,33.54420224310273,11534400
2023-07-13,33.69475173950195,33.779435701570385,33.17723664387925,33.24310513825969,10710800
2023-07-14,33.24310302734375,34.07111994902529,33.1584190706527,33.95820920322652,13061700
2023-07-17,33.17723846435547,33.356017721514284,32.942005622298765,33.15842299563505,13412200
2023-07-18,34.39104080200195,34.400452125733544,33.243106973162334,33.29956055807858,15115900
2023-07-19,36.611637115478516,36.9503729612567,33.52538356837611,34.23108205062463,32807000
2023-07-20,36.82805633544922,36.84687539515135,36.01885471510058,36.28231796156184,19108600
2023-07-21,36.15058135986328,36.9127370585178,36.10353550943559,36.884510266134846,16353000
2023-07-24,36.94096374511719,37.10092394335525,36.18821937232474,36.282314662278985,12796800
2023-07-25,35.6236572265625,36.99741597188403,35.54838100466486,36.87509390598428,14708700
2023-07-26,36.59281539916992,36.75277557665919,36.02825809014767,36.16939562271932,13001200
2023-07-27,36.52695846557617,37.09151589772247,36.451685816328684,36.78101038685259,16144800
2023-07-28,37.20442581176758,37.21383354578658,36.46108919638011,36.87509769121162,11512000
2023-07-31,37.336158752441406,37.53375348770948,36.98801513467834,37.40202366419743,12237800
2023-08-01,36.4234504699707,37.18560612996677,36.197628963624695,37.110329901606015,11884300
2023-08-02,36.15998840332031,36.23526103722095,35.41665185069911,35.76479540989632,9943800
2023-08-03,37.1197395324707,37.27028839296026,35.802434311161136,36.06589750904383,14718800
2023-08-04,37.50552749633789,38.06067718542199,36.92215101285973,37.01624272041897,14108500
2023-08-07,37.75016403198242,37.87248611015633,37.50552346500279,37.57138837108839,8022300
2023-08-08,37.85366439819336,37.93834835570301,35.51074755603943,35.51074755603943,15354100
2023-08-09,37.30792999267578,37.94776360690498,37.25147281870204,37.53375150983415,10583700
2023-08-10,37.15737533569336,37.77838979528921,37.08209911544284,37.580791511815455,10206500
2023-08-11,37.129150390625,37.55257021806361,36.82805264430605,36.87509849416184,8582900
2023-08-14,36.432865142822266,36.799827816399024,36.26349720280708,36.77160102285264,9536800
2023-08-15,35.41665267944336,36.00944038876654,35.313149664711126,35.75538851334232,11157200
2023-08-16,34.86150360107422,35.38842641601623,34.73918152826539,35.22846623013268,10647600
2023-08-17,34.635684967041016,35.21906141049435,34.522770618474574,35.106150651296225,9766800
2023-08-18,34.66390609741211,34.69213288525893,34.08993748207525,34.22166727785071,8279200
2023-08-21,34.5886344909668,34.75800241937447,34.259309957600884,34.72036789368138,8615800
2023-08-22,33.72298049926758,34.69213866334727,33.61947747410017,34.58863563817986,8279900
2023-08-23,34.108760833740234,34.118168567751674,33.28074025537393,33.704160073252616,8159200
2023-08-24,33.995853424072266,34.71095972846108,33.92057718710053,34.136990984341466,10346000
2023-08-25,33.412471771240234,34.353403152557114,33.130193074718846,34.25931145017277,11005900
2023-08-28,33.89234161376953,34.21225835929413,33.56301354637701,33.722973713823116,9638300
2023-08-29,34.32517623901367,34.37222209004041,33.73238846584539,34.0523052779429,7942600
2023-08-30,34.2310791015625,34.5415845405299,34.06171119326472,34.391035687528294,8461700
2023-08-31,34.372222900390625,34.49454498743866,34.165220433119075,34.35340384166258,10404400
2023-09-01,34.88032150268555,35.08732752837428,34.6450886878094,34.66390774372364,13757800
2023-09-05,34.36281204223633,35.313151090724524,34.32517392820144,34.908550338269755,14762500
2023-09-06,33.9864387512207,34.38163177764849,33.59124931416111,34.1181685635739,8711900
2023-09-07,33.525386810302734,34.146401391159216,33.41247245787905,33.77002739515049,7296900
2023-09-08,33.97703170776367,34.061715673050166,33.186649228212474,33.65711490438894,8361700
2023-09-11,34.06171417236328,34.53217982781204,33.97703021080778,34.34399284775891,7300200
2023-09-12,34.814456939697266,35.021462967395905,33.82647982549836,34.24048829152771,10376400
2023-09-13,33.073734283447266,35.162599180426646,32.942000895727446,35.04968843746317,15995500
2023-09-14,33.61006546020508,33.948801285124844,33.337194535756616,33.49715112565325,19880500
2023-09-15,33.073734283447266,33.60065347685535,32.857316941162885,33.2336908701982,46133700
2023-09-18,32.69736099243164,32.90436701637713,32.443309123780686,32.782044948648625,10954900
2023-09-19,32.54681396484375,32.92318792237496,32.1610322735899,32.51858717430774,10903700
2023-09-20,32.37744903564453,33.15842381343099,32.35862997709166,32.69736585230658,8388300
2023-09-21,31.474151611328125,32.33980665440994,31.39887538704209,32.26453401949183,11359600
2023-09-22,31.40829086303711,31.643523710985086,31.23892292536509,31.474155773313072,10259400
2023-09-25,31.605884552001953,31.690568518046422,31.06955396350975,31.24832962988439,8738000
2023-09-26,31.06955337524414,31.530607723248053,30.806093747813335,31.24832903823387,13742900
2023-09-27,30.599088668823242,31.21069190741517,30.354444501891805,31.182465114833978,12601100
2023-09-28,31.009748458862305,31.315357010459298,30.599086284564848,30.656385611025968,8619500
2023-09-29,31.57321548461914,32.01252733015694,31.086149341971314,31.09570165864987,10980000
2023-10-02,30.69458770751953,31.525460732638074,30.55133392610985,31.153000536658773,9649300
2023-10-03,29.930566787719727,30.49403324865842,29.796863499215863,30.455831268188348,10300600
2023-10-04,29.835063934326172,30.121573325792102,29.491253393195336,29.987868214479718,13407700
2023-10-05,30.436731338500977,30.484481991323943,29.25249547552847,29.605856499758605,10572000
2023-10-06,30.427183151245117,30.74234039829151,29.701361879551154,30.12157457823098,9414500
2023-10-09,30.5704345703125,30.704141506348336,30.035621398735145,30.169324691629484,7764800
2023-10-10,31.124351501464844,31.46816204104332,30.876045913514496,31.019297876244597,10108100
2023-10-11,31.047948837280273,31.611415324431803,30.856946212327117,31.124352801774773,7855000
2023-10-12,30.80919075012207,31.28670458076535,30.49403351633104,31.076600972618465,10285800
2023-10-13,30.723237991333008,31.41085907049944,30.4462809178904,31.067048530916225,10943200
2023-10-16,31.153003692626953,31.296259310119865,30.513136858946446,31.11480535201831,11409700
2023-10-17,33.3209114074707,34.58154751118401,30.961992138592418,31.00019411583005,36729900
2023-10-18,31.869272232055664,33.71247592106829,31.783319596288287,33.10125879700758,24960300
2023-10-19,31.277156829833984,32.289487492193146,31.25805583886779,31.821522321375195,15105700
2023-10-20,29.539005279541016,31.353559257889387,29.40530199246844,31.15300068413919,19086200
2023-10-23,29.85416603088379,30.33167987944897,29.28114904829141,29.796864879095782,14932300
2023-10-24,29.978317260742188,30.159773023738094,29.3957516346564,29.997418250861898,15076200
2023-10-25,29.882816314697266,30.15022289332462,29.290698364819683,29.68225955915605,13054500
2023-10-26,30.341230392456055,30.837845232426403,29.83506505692042,29.93056819100253,15956600
2023-10-27,29.262046813964844,30.197975301783185,29.099692039487543,29.89236492156597,10909400
2023-10-30,29.90191650390625,29.921017494908813,29.214297221950833,29.567656447644442,9653000
2023-10-31,30.4462833404541,30.455833836376964,29.491255607017926,30.035622945196053,12582400
2023-11-01,30.427183151245117,30.6277380941966,29.99741995696225,30.436733646848158,14876800
2023-11-02,32.795650482177734,32.795650482177734,30.93334578860822,30.971547769935327,15473500
2023-11-03,33.89393615722656,34.247295401589554,33.57877525374535,33.72203087226257,13100000
2023-11-06,33.6838264465332,34.228191928411434,33.45461820214905,34.04673798216584,7622700
2023-11-07,33.244510650634766,33.57876883913206,33.10125505948391,33.5119172014326,8439800
2023-11-08,32.95800018310547,33.34001267236524,32.83384922076598,33.28270970603395,6956900
2023-11-09,32.384986877441406,33.31136484691728,32.289485571432905,33.17766156124886,7172800
2023-11-10,32.661949157714844,32.747901799306526,32.184435291792525,32.64284816590095,5936900
2023-11-13,32.47093963623047,32.7096965453204,32.09847944095279,32.49958929951604,5772800
2023-11-14,34.52425003051758,34.93491219988042,33.44506779639141,33.61697305999173,11843700
2023-11-15,35.50792694091797,35.641630223828315,34.58154899055165,34.58154899055165,12672600
2023-11-16,35.641632080078125,35.698935051370334,35.10681527744174,35.3837741739753,10218500
2023-11-17,35.94723892211914,36.09049452193019,35.679832355155845,35.966339911636695,8915900
2023-11-20,35.93769454956055,36.147798173114076,35.555681999776844,35.84218959054378,6272100
2023-11-21,35.3455696105957,35.8803863741558,35.32647226470173,35.53657585780582,6051200
2023-11-22,35.17367172241211,35.69893622553882,35.06861809315846,35.59388259628517,6742500
2023-11-24,35.52703094482422,35.689383904093525,35.02086378967658,35.1450184099741,2796800
2023-11-27,35.135467529296875,35.355123447940436,34.944461273868164,35.17366950901088,5972000
2023-11-28,35.37422561645508,35.469726925780854,34.848961128880454,35.02086275703857,9665900
2023-11-29,36.09049606323242,36.38655230554499,35.58432892725363,35.67028156218275,7772300
2023-11-30,36.4056510925293,36.55845536280621,35.97588794389387,36.29104880060691,10283300
2023-12-01,37.60899353027344,37.73314451377121,36.1382499320571,36.195552908154184,10124000
2023-12-04,37.71403884887695,38.15335063932718,37.446628662529974,37.446628662529974,10125700
2023-12-05,37.628089904785156,37.87639548445166,37.293828049950264,37.494382976966435,9212600
2023-12-06,37.322486877441406,38.59267191292618,37.30338588492727,37.91460307281243,8774300
2023-12-07,37.9432487487793,38.10560534650034,37.351132615692705,37.55168755128215,8087100
2023-12-08,38.61176681518555,38.774119761234985,37.81909214501598,37.9909974073867,9484200
2023-12-11,38.70726776123047,38.83142237026916,38.20110429512524,38.47806317561879,10921000
2023-12-12,38.63086700439453,38.735920622904885,38.32525846498686,38.57356403707766,8818700
2023-12-13,40.57912826538086,40.655528586362465,38.53536594278535,38.697722544976244,15133000
2023-12-14,43.291404724121094,43.788015891578624,41.66785700545968,41.916162589188446,28236800
2023-12-15,42.98579406738281,43.434658240632466,42.4318799100765,42.708838810300385,25970400
2023-12-18,42.068965911865234,43.26275043628332,42.05941723865204,43.26275043628332,9678700
2023-12-19,42.221771240234375,42.56558177475996,41.84931104221209,42.1453709231961,8609500
2023-12-20,40.550472259521484,42.02121568277243,40.25441602609419,41.76335778572392,15460200
2023-12-21,41.362247467041016,41.49595075072284,40.817882015970014,40.95158529965184,8134200
2023-12-22,41.553253173828125,41.84931306915156,41.26674559556047,41.40044888920927,6898900
2023-12-26,42.088069915771484,42.24087420011516,41.4673004613582,41.658306727573176,5343600
2023-12-27,41.96391296386719,42.231323178961844,41.75380936153583,41.97346528037484,5083500
2023-12-28,42.137760162353516,42.25365486984171,41.79007235566261,41.944599860388976,5172000
2023-12-29,41.79972839355469,42.3116037424845,41.75143923948901,42.031521490986755,6441000
2024-01-02,42.40818405151367,42.51442240600647,41.42306978834386,41.64520285490767,9050500
2024-01-03,41.28785705566406,41.925283473364914,41.15264594951939,41.89631071754143,7133200
2024-01-04,41.73212432861328,42.10878490166893,41.34580739809079,41.471358466291726,7192600
2024-01-05,42.31160354614258,42.81381885139301,41.4713567955484,41.48101683685249,7615700
2024-01-08,42.45647048950195,42.54339243904649,41.712805739893405,42.11844273250999,6459200
2024-01-09,41.97357177734375,42.36954873055544,41.71280592753709,41.8866498274082,5132900
2024-01-10,41.915626525878906,41.95425563835744,41.4327276197477,41.82870457540624,7885900
2024-01-11,41.35546112060547,41.81904361823128,40.61179637934338,41.81904361823128,10017300
2024-01-12,40.708377838134766,41.635542821295736,40.27376810095739,41.403749733392424,9493600
2024-01-16,39.9647102355957,40.351027108714234,39.55907328196148,40.244788771233225,14399000
2024-01-17,39.423866271972656,40.31240217212538,38.78643986534785,39.9357379318335,14567000
2024-01-18,38.77678298950195,39.5977096425472,37.71440320319057,39.49147129549344,15244000
2024-01-19,40.57316207885742,40.61179487328345,38.61259381456217,38.91199244502481,14390700
2024-01-22,40.35102844238281,40.90153286004686,39.93573511899049,40.66008342478277,10374300
2024-01-23,40.53453826904297,40.698722140483554,39.897111814566436,40.53453826904297,7420200
2024-01-24,41.0270881652832,41.50998704248884,40.79529876739109,40.9305098635325,11196400
2024-01-25,41.34580612182617,41.58725557753456,40.76632521759024,41.50998998327925,8173600
2024-01-26,41.181617736816406,41.538961892398355,40.85324633637654,41.162301338646266,7242500
2024-01-29,41.48101806640625,41.50033446536071,40.882224435723565,41.16230300999725,7475700
2024-01-30,41.85767364501953,41.91562283497398,41.22024729242435,41.40374753427452,8055300
2024-01-31,40.11924362182617,41.519651242868306,39.98403251213856,41.007775876474106,13026100
2024-02-01,39.49147415161133,40.26411170757284,38.60294188331222,40.15787703706214,16002800
2024-02-02,39.443180084228516,39.70394591769098,38.699515377885795,39.1148087033009,11269300
2024-02-05,38.72848892211914,39.10515314540686,38.554645029594376,39.056860309751904,8880300
2024-02-06,38.72848892211914,39.124465858597524,38.554645029594376,38.68019977069028,8728400
2024-02-07,38.54499435424805,38.94097134909053,37.54056364588728,38.86370943226174,12255300
2024-02-08,38.9892578125,39.03754696770833,38.04277637035644,38.34217502741031,7601600
2024-02-09,38.805755615234375,39.00857226753836,38.40977866749632,38.92165031880434,10684700
2024-02-12,39.66531753540039,40.02266170949391,38.76712523720406,38.8540471913594,10304800
2024-02-13,38.56430435180664,39.095492376078084,38.062089081007414,38.85404293920688,9106200
2024-02-14,39.114810943603516,39.30797124066409,38.718833992531145,39.076178147346155,5904900
2024-02-15,40.1288948059082,40.29308233523802,39.37557375806514,39.46249570083364,7064200
2024-02-16,40.07094955444336,40.389660890465976,39.42386315767774,39.74257817792632,7287500
2024-02-20,39.7329216003418,40.12889855792718,39.51078854454769,39.70394884478535,7328500
2024-02-21,39.423866271972656,39.65565936721179,38.95062740868938,39.55907737576788,8312200
2024-02-22,39.93573760986328,40.602140450661715,39.67497544563268,39.93573760986328,10999900
2024-02-23,39.94540023803711,40.254455259728864,39.68463437269223,39.95505659561589,6424400
2024-02-26,39.443180084228516,40.01300090159626,39.259679838855384,39.70394591769098,6154100
2024-02-27,39.955055236816406,40.42829779506517,39.67497666583892,39.83916052867999,6489100
2024-02-28,39.810184478759766,40.128895820820944,39.452836658214814,39.69428609598657,6768200
2024-02-29,40.52487564086914,40.737352340210464,40.070953170766735,40.312402625754125,9000700
2024-03-01,40.00334548950195,40.466931703224475,39.53010660249044,40.18684944033316,8899400
2024-03-04,41.239566802978516,42.01220430624818,40.68906235163474,40.96914091366446,10499700
2024-03-05,41.770755767822266,42.27297107696451,41.05606375905891,41.05606375905891,9523700
2024-03-06,41.61622619628906,41.79972644688329,40.67940117729371,41.587253442044215,10526700
2024-03-07,41.85767364501953,42.26330692202285,41.58725146035065,41.96391198448972,7524400
2024-03-08,41.78041076660156,42.32125885522281,41.693488818148616,42.27296970257699,6677500
2024-03-11,42.03152084350586,42.28262665131496,41.55827829880924,41.693489401800775,8241900
2024-03-12,41.73212432861328,42.14741769998911,41.61622961787918,41.90596823682765,5941500
2024-03-13,41.98323059082031,42.562707783960334,41.75143750302862,41.75143750302862,5756800
2024-03-14,40.90153884887695,42.06049704468521,40.65043302049466,41.616230902963785,7461100
2024-03-15,40.640777587890625,41.31683317362775,40.49590642853174,40.49590642853174,32597000
2024-03-18,41.017433166503906,41.03674956433864,40.26410838785384,41.017433166503906,8168200
2024-03-19,40.77598190307617,41.1912752274536,40.65042716485774,40.94982579161677,6080300
2024-03-20,41.97357177734375,42.186048473680934,40.45726951619952,40.486242271435955,7998400
2024-03-21,42.929710388183594,43.20979261770466,42.20536208135562,42.253651231632276,8572300
2024-03-22,42.09912872314453,43.499536352278746,42.08947236563665,43.39329799855991,6698000
2024-03-25,42.06049346923828,42.784841819515265,41.97357151983599,42.25365376615739,6424600
2024-03-26,42.04117965698242,42.49510583002837,41.98323414330095,42.49510583002837,5267500
2024-03-27,42.97889709472656,42.998433404182755,42.25606854952771,42.29514116844009,6167200
2024-03-28,43.662654876708984,43.86778054546191,43.271936123319435,43.38915025886823,7595000
2024-04-01,42.930057525634766,43.711491261045154,42.87144859816525,43.54543822246981,4824900
2024-04-02,42.22676467895508,42.93005689355449,42.11931684326129,42.67608860442919,6462200
2024-04-03,42.10955047607422,42.754233762906,42.01186893190582,42.226764602906385,5866400
2024-04-04,41.9239616394043,43.00820266907342,41.73837227599537,42.55887869902847,6491400
2024-04-05,42.031410217285156,42.295144828511305,41.6699977764954,41.757909313570785,4580700
2024-04-08,42.70539474487305,42.9886619068134,42.06071145968725,42.285373421446096,6159500
2024-04-09,42.9202880859375,42.99843332361583,42.402588927913634,42.80307395559002,5701800
2024-04-10,41.05461502075195,42.04117819175789,40.898328265347175,42.01187186337751,7584400
2024-04-11,40.947166442871094,41.220671054548475,40.25364421109474,41.220671054548475,6829700
2024-04-12,40.61506271362305,40.76157945672699,40.22434394633856,40.25364654972528,6741800
2024-04-15,40.47830581665039,41.845817684080295,40.146196004627136,41.083920237861676,10232800
2024-04-16,40.048519134521484,40.31225373205997,39.452674717064546,40.2927174219271,9549800
2024-04-17,38.602867126464844,39.04242480504141,37.889808548405206,38.58333081562029,14178500
2024-04-18,38.52471923828125,39.218245184054574,38.280520958744596,38.49541663711126,9878700
2024-04-19,39.51128387451172,39.521050166549195,38.49541809878591,38.544257011313654,12061400
2024-04-22,40.09735870361328,40.4099322185192,39.306158624207136,39.735946275660226,8630700
2024-04-23,40.01921844482422,40.302485639862034,39.86293168246288,40.17550520718556,7079900
2024-04-24,40.64436340332031,40.761577537518654,39.491747192887914,39.58942501702484,6550300
2024-04-25,40.038753509521484,40.7713483839422,39.44290908213874,40.38062962711639,6602200
2024-04-26,40.165733337402344,40.58575469054737,39.91176875758381,40.04851920257611,4512200
2024-04-29,40.331790924072266,40.54668288789225,40.12666525244718,40.26341570019724,4647200
2024-04-30,39.68710708618164,40.30248409339566,39.63826817347468,40.09735842432432,8861600
2024-05-01,40.09735870361328,40.83972359614251,39.5894258103486,39.64803474170729,6359400
2024-05-02,40.01921844482422,40.71274071991701,39.65780227935023,40.64436549426957,6760700
2024-05-03,40.449005126953125,40.859260197039795,40.282952076178454,40.585755574925265,5091200
2024-05-06,40.8494873046875,40.96670143382126,40.45876857268167,40.79087837703563,6430200
2024-05-07,40.61506271362305,41.103459309643505,40.44900593336752,41.02531406571848,8732100
2024-05-08,40.72250747680664,40.820189033252994,40.10713043896129,40.27318349566453,8906000
2024-05-09,40.57598876953125,40.898328574793055,40.30248415087586,40.546682440929125,6414400
2024-05-10,40.87879180908203,40.937400739463214,40.644363539897604,40.732275072384304,4867500
2024-05-13,40.52714920043945,41.24997404063605,40.52714920043945,41.025312064565746,4846400
2024-05-14,40.976470947265625,41.3085807475327,40.66389745597542,40.683433764952305,5627900
2024-05-15,41.24020767211914,41.62115640153828,40.976473076482016,41.47463593968316,7752700
2024-05-16,40.68343734741211,41.27927805591014,40.62482841532054,41.093688693542255,9488700
2024-05-17,40.46854019165039,40.98623936479816,40.35132605787866,40.98623936479816,11360600
2024-05-20,39.941070556640625,40.67366540537188,39.90199793709414,40.46853974200795,9935500
2024-05-21,40.224342346191406,40.26341496659959,39.882466233045236,39.93130514547038,6315200
2024-05-22,39.823856353759766,40.27318029923968,39.657799584065835,39.87269526502148,5802000
2024-05-23,39.09126281738281,39.90199920479433,38.83729450843207,39.85316029189463,7452400
2024-05-24,39.58942413330078,39.59919415119847,39.11079758907566,39.21824542892989,6155900
2024-05-28,38.84706497192383,39.76524921393971,38.72985083438718,39.66757138702088,7657200
2024-05-29,38.13400650024414,38.25122063808234,37.743287739223135,38.25122063808234,6229500
2024-05-30,38.46611404418945,38.632167085748364,37.86049962796626,38.48565035369698,6229100
2024-05-31,39.60895919799805,39.65779810744129,38.612629795442196,38.72984764950991,9153500
2024-06-03,38.80799102783203,39.853159390151724,38.397739697352954,39.81408677024797,6361800
2024-06-04,38.05586242675781,38.94474409552787,37.99725721912332,38.4368111810635,9953400
2024-06-05,38.17308044433594,38.19261302951059,37.430715517905995,38.163310425578224,12487800
2024-06-06,38.114471435546875,38.4465812754204,37.85073682216169,38.173080369467044,6331800
2024-06-07,38.114471435546875,38.45634756798857,37.801897906980074,37.81166419954825,8218100
2024-06-10,37.85073471069336,38.17307824001708,37.41117704623837,37.753056885778996,10632700
2024-06-11,37.55769729614258,37.91910971767413,36.93255027743822,37.792125565071636,12501000
2024-06-12,38.368431091308594,39.17917113841029,38.221914364623764,38.69077459712105,10299900
2024-06-13,38.34889602661133,38.58332801355024,37.840966886222056,38.27075451507837,5935900
2024-06-14,37.92887878417969,38.182843356842575,37.577232663438714,37.86049983744,5121900
2024-06-17,38.18284606933594,38.23168498375944,37.587001625326316,37.801897320194136,5697600
2024-06-18,38.37820053100586,38.49541465582305,37.958179213726936,38.094929647041965,6308900
2024-06-20,38.368431091308594,38.42704001768447,37.96794607649821,38.20237805583181,6710900
2024-06-21,38.778690338134766,38.92520708074329,37.82143346031191,38.143773274986906,16343800
2024-06-24,39.60895919799805,39.87269378039547,38.788452850373815,38.964275905305435,9549100
2024-06-25,39.09126281738281,39.64803462201379,38.749382974744535,39.442908952132946,6901000
2024-06-26,38.788455963134766,39.08149316948029,38.436809825052045,38.788455963134766,7854700
2024-06-27,38.759151458740234,38.78845406008606,37.96794768687234,38.30982751597726,6874500
2024-06-28,39.263545989990234,39.63936939370453,38.88772258627594,39.10530515254619,12212200
2024-07-01,38.8086051940918,39.510798695082045,38.64047217719089,39.37233842984558,8068900
2024-07-02,39.53057861328125,39.619589321272926,38.62069095683754,38.69981326294535,9381300
2024-07-03,39.07563018798828,39.83716535403147,39.07563018798828,39.54046427222789,3715500
2024-07-05,38.610801696777344,39.12508535676981,38.46244926250215,39.0855242045952,5656000
2024-07-08,39.02618408203125,39.085525812734716,38.62069168745575,38.71959457196154,5295000
2024-07-09,39.43167495727539,39.619588544216285,38.64047077551123,38.74926205789614,8003000
2024-07-10,40.3514518737793,40.38112462501169,39.3723378565723,39.56024767483445,9598500
2024-07-11,41.46902847290039,41.64704988301576,40.71738168068904,40.776723408313856,9239000
2024-07-12,41.63715744018555,41.983311856626045,41.201996092020444,41.51847775846035,8322000
2024-07-15,41.8844108581543,42.458036262302095,41.85474187958087,42.131662406957474,10435600
2024-07-16,42.81407928466797,42.962427950947294,41.88441104251015,42.11188578843843,12869800
2024-07-17,44.76241683959961,45.15802081003433,43.31846876120328,43.496490170623,21306500
2024-07-18,43.9217643737793,45.12835312260967,43.882203221053246,44.29758777915844,17219300
2024-07-19,44.267913818359375,44.47560797811513,43.77341074107638,44.24813701529604,11842300
2024-07-22,44.544837951660156,44.7228593606815,43.47670949753213,44.139345580613565,12327600
2024-07-23,45.04922866821289,45.17780052205982,44.18879438764127,44.347035218237885,8131500
2024-07-24,44.27780532836914,45.33604159605775,44.218463601792195,45.088790061125664,8059400
2024-07-25,44.59428787231445,45.21736280902598,44.109673194259024,44.27780620316935,9489900
2024-07-26,44.96022033691406,45.15802232878388,44.56462012593362,44.69318821380369,5681700
2024-07-29,44.87120819091797,45.18768985866156,44.63384882648981,45.09867915381123,5011200
2024-07-30,44.97011184692383,45.37560422652265,44.72286030393042,45.07890312948239,8211000
2024-07-31,44.3865966796875,45.04922898346061,44.26791322634027,45.00966783234486,8859200
2024-08-01,43.00198745727539,44.42615497190661,42.84374662231637,44.42615497190661,11219500
2024-08-02,41.8844108581543,42.28001484534307,41.49869904566282,42.191004136863555,8485500
2024-08-05,40.3514518737793,40.94485785255734,39.96574006259114,40.677825728021105,10994200
2024-08-06,41.211883544921875,41.597599103978936,40.074528761319684,40.29211131677357,9184800
2024-08-07,40.93496322631836,42.27012376903743,40.87562527292573,41.923969358958125,6841000
2024-08-08,41.30089569091797,41.73606081703576,41.08331690061818,41.3305684412727,6364500
2024-08-09,41.60749053955078,41.6767206717423,41.1525485929324,41.1525485929324,6486600
2024-08-12,41.01408767700195,42.181115276490125,40.86573524022869,41.77562289177028,7619900
2024-08-13,41.93386459350586,41.953641397574124,40.97452736754671,41.360239183785346,7457100
2024-08-14,41.87451934814453,42.0228717755189,41.587706667358866,41.97341845122148,8036100
2024-08-15,42.33935546875,42.83385855343298,42.2503447625967,42.57671483665272,6512700
2024-08-16,42.71517562866211,42.853639663215326,42.339355996009466,42.339355996009466,5369500
2024-08-19,43.18000793457031,43.18989633595934,42.774515567957835,42.774515567957835,4575400
2024-08-20,43.259132385253906,43.46682277956994,42.91297795530131,43.001988663259496,6587400
2024-08-21,43.21957015991211,43.50638285319019,42.80418560882677,43.367918820989004,4262100
2024-08-22,43.70418167114258,43.74374282374606,43.209678581876496,43.209678581876496,4836900
2024-08-23,44.890987396240234,45.09867777696392,43.85253171986284,44.020660950136595,5094500
2024-08-26,45.11846160888672,45.326155777360945,44.920659615118474,45.247033470749955,5849800
2024-08-27,45.22725296020508,45.276702515529614,44.95033243218031,45.09868109815391,5458000
2024-08-28,45.62285614013672,45.879996086924734,45.069011321138994,45.069011321138994,6213900
2024-08-29,46.018455505371094,46.255818644238246,45.00966876751412,45.86021467037936,7064700
2024-08-30,46.71076202392578,46.789884330258474,46.08768706621308,46.15691719787458,14262600
2024-09-03,45.8799934387207,46.78988103364381,45.70197203477399,46.76020828448005,7980300
2024-09-04,45.553627014160156,46.295381665527394,45.385493998015434,45.84043594539179,5999600
2024-09-05,45.03934097290039,46.028347122822176,44.92065751852326,46.028347122822176,5971200
2024-09-06,44.000885009765625,45.43494090046242,43.84264417762451,45.10857083475344,7635400
2024-09-09,44.76241683959961,44.94043824901933,44.27780593721409,44.43604677083617,7146200
2024-09-10,44.53494644165039,44.90088143940727,43.53605187414002,44.90088143940727,7000600
2024-09-11,44.258026123046875,44.30747567701242,43.100890714664786,44.1492348406672,8448600
2024-09-12,43.367919921875,45.46461576103643,43.01188086259702,44.88110195803307,14746700
2024-09-13,44.12945556640625,44.248139026735835,43.62506406466287,43.67451362008725,8757300
2024-09-16,44.19868469238281,44.633849824833064,43.83275346326168,44.35692552979404,9524500
2024-09-17,44.18879699707031,44.782199203659324,44.04044455904345,44.48549810036482,6286600
2024-09-18,44.68330001831055,45.30637497511227,44.119566791171586,44.24813865239462,11035300
2024-09-19,45.9591178894043,46.107466551126876,45.09867980582501,45.77120430269292,9002000
2024-09-20,45.504173278808594,45.8602161119214,45.33604403692711,45.781097578318125,11026200
2024-09-23,45.3558235168457,45.790984873039896,45.25692063628398,45.63274403690027,5205600
2024-09-24,45.138240814208984,45.47450306157135,44.78219799079482,45.355823378019664,6197600
2024-09-25,44.258026123046875,45.17780216329071,44.20857656908133,45.17780216329071,6848400
2024-09-26,44.801979064941406,44.93055092432797,43.75363493185466,44.534946944412,9679400
2024-09-27,44.97999954223633,45.44483364304682,44.722859601575486,45.01956069395617,6884700
2024-09-30,45.72999954223633,45.779998779296875,44.869998931884766,45.27000045776367,7028300
2024-10-01,44.459999084472656,45.41999816894531,44.31999969482422,45.380001068115234,6272800
2024-10-02,44.25,44.90999984741211,44.0099983215332,44.470001220703125,6114300
2024-10-03,43.97999954223633,44.11000061035156,43.439998626708984,44.040000915527344,4513200
2024-10-04,44.70000076293945,44.95000076293945,44.16999816894531,44.720001220703125,5438000
2024-10-07,44.470001220703125,44.689998626708984,44.029998779296875,44.58000183105469,5108400
2024-10-08,44.2599983215332,44.72999954223633,44.15999984741211,44.56999969482422,4588000
2024-10-09,45.099998474121094,45.150001525878906,44.150001525878906,44.33000183105469,6848300
2024-10-10,44.939998626708984,45.060001373291016,44.5,44.900001525878906,5310700
2024-10-11,46.2599983215332,46.58000183105469,45.34000015258789,45.400001525878906,8809000
2024-10-14,47.119998931884766,47.20000076293945,46.09000015258789,46.189998626708984,8166700
2024-10-15,47.0,48.08000183105469,46.939998626708984,47.45000076293945,8595500
2024-10-16,49.209999084472656,50.11000061035156,48.7400016784668,48.7400016784668,27957200
2024-10-17,49.970001220703125,50.470001220703125,49.099998474121094,49.869998931884766,16053100
2024-10-18,49.15999984741211,50.150001525878906,48.959999084472656,50.11000061035156,10983600
2024-10-21,47.91999816894531,49.15999984741211,47.86000061035156,49.029998779296875,6648300
2024-10-22,48.029998779296875,48.150001525878906,47.41999816894531,47.7400016784668,6854200
2024-10-23,48.529998779296875,48.529998779296875,47.779998779296875,47.810001373291016,6844500
2024-10-24,48.45000076293945,48.72999954223633,48.20000076293945,48.470001220703125,7804500
2024-10-25,47.7400016784668,48.95000076293945,47.689998626708984,48.849998474121094,6601300
2024-10-28,48.59000015258789,48.689998626708984,47.939998626708984,48.119998931884766,5781000
2024-10-29,48.220001220703125,48.70000076293945,48.060001373291016,48.41999816894531,7499700
2024-10-30,48.68000030517578,49.369998931884766,48.220001220703125,48.220001220703125,8434500
2024-10-31,48.310001373291016,48.81999969482422,48.22999954223633,48.66999816894531,6913200
2024-11-01,47.84000015258789,48.959999084472656,47.81999969482422,48.709999084472656,5480400
2024-11-04,47.189998626708984,47.869998931884766,47.13999938964844,47.86000061035156,7720400
2024-11-05,47.61000061035156,47.869998931884766,47.220001220703125,47.290000915527344,4379800
2024-11-06,51.2599983215332,51.7599983215332,50.0,50.279998779296875,17523400
2024-11-07,49.560001373291016,51.0099983215332,49.34000015258789,50.84000015258789,9625900
2024-11-08,50.209999084472656,50.36000061035156,49.349998474121094,49.77000045776367,8615300
2024-11-11,51.040000915527344,51.459999084472656,50.790000915527344,50.880001068115234,8192500
2024-11-12,50.7599983215332,51.2599983215332,50.380001068115234,50.939998626708984,7564600
2024-11-13,51.16999816894531,51.68000030517578,50.7599983215332,50.90999984741211,7130600
2024-11-14,50.310001373291016,51.290000915527344,50.2400016784668,51.290000915527344,10345100
2024-11-15,49.900001525878906,50.650001525878906,49.7400016784668,50.27000045776367,13570800
2024-11-18,50.61000061035156,50.790000915527344,49.84000015258789,49.959999084472656,7472000
2024-11-19,50.400001525878906,50.619998931884766,49.59000015258789,49.88999938964844,5066200
2024-11-20,50.7400016784668,50.959999084472656,50.290000915527344,50.599998474121094,8071200
2024-11-21,51.38999938964844,52.08000183105469,50.79999923706055,50.849998474121094,8218000
2024-11-22,52.4900016784668,52.689998626708984,51.369998931884766,51.369998931884766,8301500
2024-11-25,53.630001068115234,53.93000030517578,53.15999984741211,53.2599983215332,10234400
2024-11-26,53.65999984741211,53.79999923706055,53.279998779296875,53.7599983215332,5767500
2024-11-27,53.47999954223633,53.97999954223633,53.220001220703125,53.75,4506200
2024-11-29,53.290000915527344,53.75,53.06999969482422,53.599998474121094,3287900
2024-12-02,52.77000045776367,53.5,52.529998779296875,53.5,5110200
2024-12-03,52.099998474121094,52.88999938964844,51.83000183105469,52.7599983215332,6520400
2024-12-04,52.0099983215332,52.41999816894531,51.59000015258789,52.22999954223633,4669900
2024-12-05,52.119998931884766,52.58000183105469,51.95000076293945,52.0099983215332,7020200
2024-12-06,52.18000030517578,52.59000015258789,51.779998779296875,52.2400016784668,4683500
2024-12-09,51.310001373291016,52.27000045776367,51.2599983215332,52.2400016784668,5414900
2024-12-10,51.56999969482422,51.810001373291016,50.779998779296875,51.54999923706055,6357600
2024-12-11,51.31999969482422,52.2400016784668,51.25,52.0,7842300
2024-12-12,51.099998474121094,51.810001373291016,51.06999969482422,51.5099983215332,7596700
2024-12-13,51.029998779296875,51.33000183105469,50.72999954223633,51.22999954223633,6426800
2024-12-16,51.36000061035156,51.369998931884766,50.63999938964844,51.15999984741211,8427100
2024-12-17,49.97999954223633,51.2400016784668,49.68000030517578,50.97999954223633,6774100
2024-12-18,47.61000061035156,50.25,47.56999969482422,50.119998931884766,8970100
2024-12-19,47.40999984741211,48.54999923706055,47.18000030517578,48.27000045776367,9802900
2024-12-20,47.91999816894531,48.56999969482422,47.220001220703125,47.279998779296875,20225000
2024-12-23,48.31999969482422,48.36000061035156,47.470001220703125,47.540000915527344,4600700
2024-12-24,48.83000183105469,48.83000183105469,48.22999954223633,48.439998626708984,2393800
2024-12-26,49.0099983215332,49.130001068115234,48.33000183105469,48.65999984741211,3448200
2024-12-27,48.4900016784668,49.2599983215332,48.2400016784668,48.7400016784668,2840241
